Epoch	AverageEpRet	StdEpRet	MaxEpRet	MinEpRet	EpLen	AverageVVals	StdVVals	MaxVVals	MinVVals	TotalEnvInteracts	LossPi	LossV	DeltaLossPi	DeltaLossV	Entropy	KL	ClipFrac	StopIter	Time
0	-10.753751	3.7352402	-5.6594014	-15.070614	88.666664	-6.538875	5.495483	0.5400897	-21.318468	600	-1.303355e-07	5.655267	-0.15114886	-4.513809	12.718633	0.07855522	0.91833335	15.0	20.169235706329346
1	-10.171705	3.9100237	-6.4904504	-18.650934	76.85714	-5.2588544	3.0602183	2.6902184	-17.586493	1200	-6.67572e-08	9.686344	-0.1481385	-8.125462	12.913323	0.07922319	0.835	13.0	38.43888068199158
2	-7.635332	2.3327346	-5.5018063	-12.525408	65.0	-4.269694	2.388609	0.76637244	-13.472748	1800	-4.45048e-08	4.629576	-0.14865898	-3.736053	12.634896	0.076054595	0.945	35.0	55.400542974472046
3	-10.573396	2.0626323	-6.694403	-13.095486	94.333336	-5.4430614	4.3886337	1.3340503	-17.628212	2400	-5.5631002e-08	6.340458	-0.1550887	-5.0149093	12.770909	0.08433049	0.90833336	16.0	72.33830618858337
4	-8.304832	2.9569235	-4.1422777	-14.260739	73.25	-4.870608	2.1488485	0.9468477	-14.047646	3000	-1.1920929e-07	9.013115	-0.15697639	-6.162732	12.697157	0.075170465	0.93	28.0	89.2713851928711
5	-10.35678	2.5403137	-7.0276585	-13.218878	95.0	-6.4678035	3.9476743	-0.25246227	-17.20512	3600	-1.4623006e-07	4.0237174	-0.15233557	-3.382161	12.751639	0.08075179	0.8883333	16.0	106.39960408210754
6	-9.921403	2.9780204	-6.8201685	-15.259684	82.71429	-4.0887475	2.1958222	1.0509232	-13.133496	4200	-9.8546344e-08	5.210428	-0.14954448	-3.8536043	12.826014	0.08018048	0.88166666	17.0	123.20407390594482
7	-10.05878	4.428198	-4.3293657	-18.905704	83.14286	-7.4662476	4.857147	1.2516687	-20.530552	4800	3.1789146e-08	8.86991	-0.1361487	-8.207241	12.822888	0.08777781	0.8183333	8.0	140.48100328445435
8	-10.618299	4.1639957	-5.0893154	-17.005007	86.0	-6.5338287	5.463023	0.9246764	-22.939825	5400	-1.2715658e-08	5.930427	-0.14254825	-4.4134426	12.902247	0.08842097	0.80333334	10.0	157.2847261428833
9	-11.018788	4.1339793	-4.8675523	-18.661814	96.166664	-9.819267	7.2766867	2.0707498	-23.768011	6000	-1.3510386e-07	4.8839927	-0.13818514	-4.559071	12.847898	0.08431349	0.745	8.0	174.90723490715027
10	-8.0634365	2.677122	-4.591702	-11.997479	69.375	-3.9852426	2.5598102	3.6706758	-15.311519	6600	-1.0649363e-07	4.699818	-0.12902364	-3.8797026	12.76765	0.07990396	0.74833333	9.0	191.92191457748413
11	-11.272836	5.8780913	-5.7324324	-21.869312	80.85714	-9.458621	6.8761716	0.979761	-23.448717	7200	-2.1457672e-07	5.665625	-0.13432764	-5.3409305	12.884585	0.09464369	0.79333335	8.0	209.12094449996948
12	-8.820878	3.1730177	-4.75436	-15.77752	81.14286	-3.9223735	3.574345	1.5623966	-21.034603	7800	3.417333e-08	4.738793	-0.13643679	-4.234192	12.875097	0.075227305	0.94666666	38.0	226.299644947052
13	-8.098961	1.9528297	-4.370717	-10.128133	82.5	-3.545565	2.2017245	0.5585581	-10.447521	8400	6.7949294e-08	3.436254	-0.14873472	-2.8329825	12.563389	0.08113434	0.87333333	20.0	243.3761293888092
14	-10.124625	3.8242636	-5.701597	-16.556742	87.166664	-9.660372	7.472767	3.5924358	-25.36681	9000	-6.67572e-08	5.411819	-0.15406919	-4.573446	12.67508	0.067928135	0.99333334	79.0	261.10811948776245
15	-9.628243	3.4053652	-5.343736	-15.597609	80.57143	-6.8095493	5.170754	0.5450057	-22.4781	9600	6.2783556e-08	6.667535	-0.15189043	-5.162776	12.644309	0.046834145	0.9916667	79.0	278.35119915008545
16	-10.8685255	3.122933	-8.029632	-16.384825	82.71429	-7.451556	5.182148	0.60532784	-22.797766	10200	-6.7154566e-08	8.061562	-0.1405929	-7.210305	12.738459	0.086657286	0.77666664	8.0	295.21675157546997
17	-9.223168	0.82524335	-7.967685	-10.606319	78.85714	-3.5646513	2.0112815	1.8248191	-9.935131	10800	1.5735627e-07	2.065078	-0.14169723	-1.7105287	12.623766	0.08393435	0.77166665	9.0	312.01573729515076
18	-11.627608	5.6021686	-5.9012485	-21.08463	83.0	-10.223307	6.15754	1.7904799	-21.861086	11400	5.4041546e-08	11.219702	-0.14122762	-10.742783	12.90633	0.09886823	0.81	7.0	329.45331478118896
19	-8.41146	1.9569693	-4.6290383	-10.277986	75.71429	-4.7217236	3.8422897	2.1639774	-16.572145	12000	-3.4968057e-08	7.5415697	-0.13594545	-7.0981245	12.684121	0.08772528	0.78333336	9.0	346.411581993103
20	-7.5990653	2.7539253	-3.1690114	-10.770759	77.71429	-2.9535058	2.0337732	1.6256803	-11.772584	12600	1.9192696e-07	4.3081913	-0.1355414	-3.3117526	12.897294	0.090366125	0.815	11.0	363.8039228916168
21	-8.966371	3.5903213	-4.9332848	-16.184307	90.5	-6.9615154	4.9350314	0.05582893	-21.716778	13200	1.04904174e-07	4.8515415	-0.13494529	-4.345645	12.921984	0.08975454	0.8233333	11.0	381.4072961807251
22	-10.127013	4.7721243	-3.8925884	-18.117228	90.0	-7.8793945	6.090351	-0.26002926	-21.240143	13800	4.45048e-08	5.4236593	-0.14180234	-4.6546307	12.822268	0.08006017	0.82666665	13.0	398.69835901260376
23	-11.369114	4.7750883	-6.01333	-19.904385	92.166664	-10.584542	6.1703506	0.60296726	-22.128515	14400	-6.834666e-08	11.846498	-0.14085995	-11.437651	12.739559	0.08357508	0.8066667	9.0	416.38249349594116
24	-8.845981	1.2986137	-7.085322	-11.098235	87.333336	-7.7354703	6.248462	1.819478	-23.622963	15000	5.5631e-09	3.7881768	-0.12829697	-3.4865403	12.788477	0.08238709	0.77	9.0	433.7055642604828
25	-8.868194	2.4055529	-5.824596	-13.872907	83.28571	-9.671317	7.944579	0.8325077	-24.390898	15600	-2.8610229e-08	5.904117	-0.14931203	-5.3967295	12.689027	0.07846909	0.885	19.0	451.2940785884857
26	-11.51105	3.383679	-5.3745866	-16.357452	98.5	-8.334584	6.557551	0.52456796	-22.60218	16200	6.67572e-08	7.4836426	-0.13662449	-6.8202753	12.817373	0.083001256	0.8183333	10.0	468.6526288986206
27	-11.376098	4.392788	-6.497558	-17.5198	84.833336	-10.083734	5.5914607	0.33357167	-20.299778	16800	-1.3828277e-07	4.345163	-0.1391099	-4.05435	12.824105	0.10371349	0.76	7.0	486.21875953674316
28	-10.039939	2.699863	-6.04492	-14.615644	92.5	-4.896395	3.8638058	1.1139263	-17.546516	17400	7.947286e-09	5.261682	-0.14726888	-3.973289	12.625544	0.08360052	0.85833335	16.0	503.2508668899536
29	-7.0386553	1.5782862	-4.0733075	-9.322741	77.42857	-5.164453	3.209678	0.44463253	-14.36016	18000	-4.2915346e-08	3.6802995	-0.14928313	-3.2487109	12.810733	0.07676414	0.8983333	21.0	520.5539634227753
30	-9.111123	3.614862	-4.2394257	-15.739741	75.57143	-6.6703978	4.8222156	1.5994644	-22.269157	18600	1.4305114e-08	5.7608223	-0.14171302	-5.3398614	12.820758	0.0824359	0.87666667	15.0	538.1176083087921
31	-11.958187	3.3942435	-6.587979	-16.992212	97.666664	-6.1598926	4.1719313	0.6414448	-19.431494	19200	-1.2079875e-07	7.9486623	-0.13516112	-7.407651	12.68472	0.08868475	0.75	8.0	555.0525751113892
32	-9.313177	3.1631472	-4.6753707	-14.472678	89.333336	-5.4402514	3.8180568	0.08045721	-19.148268	19800	-1.3987223e-07	5.8258796	-0.14613724	-4.4109993	12.777205	0.08005174	0.895	17.0	572.0529322624207
33	-9.82962	1.3899281	-7.539937	-11.537372	99.333336	-4.7286935	2.043156	-0.18423653	-10.969535	20400	-1.780192e-07	3.3656523	-0.13743271	-2.5554156	12.888193	0.08509009	0.71666664	9.0	589.2581779956818
34	-9.932499	1.9392681	-7.372074	-12.912209	90.5	-4.4575267	2.4313073	0.67451453	-11.751485	21000	1.11262e-08	3.2848678	-0.14185883	-2.5508342	12.799132	0.08124471	0.80833334	10.0	606.140971660614
35	-8.598428	1.8115258	-5.272582	-11.7039585	72.625	-5.861006	3.9720955	0.766963	-17.899998	21600	4.1325887e-08	3.3517032	-0.13515703	-3.1268477	12.587267	0.08295153	0.78	12.0	623.3303053379059
36	-9.646096	2.2825854	-6.317924	-12.066795	92.833336	-3.9290812	3.2447143	0.77898717	-20.805159	22200	-3.7550926e-08	7.003964	-0.124087654	-5.842539	12.768397	0.083972104	0.7416667	10.0	640.354663848877
37	-12.238643	3.6508024	-8.4428	-19.136242	97.5	-9.273365	4.457757	-0.017327905	-19.931463	22800	7.78834e-08	10.72776	-0.14325595	-10.435348	12.708711	0.08141586	0.82666665	10.0	658.0505335330963
38	-10.120085	1.5809418	-6.8276315	-11.505451	91.666664	-7.247242	4.800818	0.31380546	-19.180065	23400	-1.2795131e-07	3.7506282	-0.14484265	-3.3473039	12.673377	0.079811305	0.8883333	20.0	675.190131187439
39	-10.601838	4.6125593	-6.5821996	-19.812382	88.0	-6.649739	4.8499513	0.6312356	-18.13306	24000	-3.973643e-08	5.2789865	-0.13178188	-4.5406957	12.884236	0.09852187	0.78	8.0	692.5901052951813
40	-11.817396	3.7779896	-8.324413	-19.101505	105.4	-6.4928255	5.353477	0.7610636	-20.468473	24600	3.33786e-08	4.360812	-0.13736099	-3.5983214	12.820887	0.0851523	0.77	9.0	710.2612547874451
41	-9.101682	3.0776746	-4.093223	-14.478338	95.666664	-4.677972	1.9512485	0.42604673	-14.750654	25200	-4.371007e-09	5.966127	-0.14601575	-4.532436	12.68457	0.079143904	0.84166664	18.0	727.5375711917877
42	-9.424484	2.3832672	-6.24514	-13.267941	80.333336	-6.370754	2.928657	2.6738286	-17.497904	25800	3.6557516e-08	5.5318995	-0.137292	-4.596995	12.71997	0.092293	0.7	8.0	744.585387468338
43	-8.41012	2.7192426	-5.0299196	-13.923048	72.625	-4.379801	2.5498698	0.9683342	-17.032558	26400	3.1789146e-08	4.344139	-0.14182274	-3.577451	12.4708	0.082333274	0.82666665	13.0	761.3848128318787
44	-9.65507	4.352735	-4.821692	-20.567148	74.25	-6.0636683	5.3333855	1.0254362	-20.882164	27000	-3.2107036e-07	4.8874416	-0.13047865	-4.5811157	12.698967	0.08350008	0.78333336	10.0	778.5607750415802
45	-8.201697	1.7054615	-5.4768324	-11.32329	70.25	-5.4099245	4.64418	1.2825414	-19.674612	27600	7.311503e-08	3.0384297	-0.13111478	-2.6182365	12.599192	0.08404591	0.81166667	12.0	795.8617122173309
46	-9.7881775	2.8871698	-5.842942	-14.863262	82.42857	-3.4464827	3.1630018	1.1786163	-18.684147	28200	8.424123e-08	7.351627	-0.13376674	-5.998307	12.686792	0.084348954	0.82166666	12.0	812.6882545948029
47	-9.033168	4.4130616	-4.65736	-18.272217	78.57143	-6.3182073	4.798938	-0.01426971	-20.239594	28800	5.4836274e-08	4.9902053	-0.12553643	-4.2592087	12.639363	0.09884155	0.65166664	6.0	829.8496677875519
48	-11.755867	2.989828	-7.441024	-15.205847	95.833336	-6.298481	5.356301	0.47414815	-21.54006	29400	-7.78834e-08	5.066875	-0.14418685	-4.151898	12.735014	0.08329964	0.81	11.0	846.8770368099213
49	-7.895584	2.6806731	-4.679785	-12.658492	65.25	-4.6429515	2.5669951	3.285364	-13.70305	30000	1.7722448e-07	4.578082	-0.141429	-3.8767884	12.673471	0.0849492	0.75666666	10.0	863.550057888031
50	-9.235326	2.6880968	-5.491572	-13.040127	79.28571	-5.9971743	4.911746	2.6138256	-22.056921	30600	-1.9073486e-08	4.740513	-0.14405973	-3.8839014	12.733041	0.07913075	0.9116667	24.0	881.1248414516449
51	-8.037092	2.502428	-3.8928673	-11.482652	81.42857	-6.2076383	4.1074185	0.506786	-18.932451	31200	5.4041546e-08	3.6407614	-0.14281526	-3.061626	12.833682	0.07971727	0.8466667	15.0	898.5932295322418
52	-9.381502	0.30126876	-9.016237	-9.852846	101.4	-4.226766	2.3133986	0.6308234	-15.040281	31800	-1.1205673e-07	4.5422835	-0.13462116	-3.9474602	12.721609	0.0874217	0.7866667	13.0	915.686993598938
53	-10.768197	3.3622262	-7.2850447	-17.806992	96.333336	-6.422867	4.8949304	-0.3155204	-19.086727	32400	-3.1789145e-09	4.3096113	-0.15084817	-4.0161905	12.707577	0.07730679	0.87	15.0	932.7623021602631
54	-10.75542	3.0428128	-6.83796	-16.062275	99.666664	-7.4879084	5.179649	0.37367594	-18.29636	33000	-1.4464061e-07	7.820217	-0.14091161	-7.3364844	12.627715	0.07878891	0.835	13.0	950.2814652919769
55	-10.382985	2.7256887	-6.91339	-14.261356	93.833336	-5.994462	4.392037	2.0598893	-19.783287	33600	3.4968057e-08	4.849743	-0.15613043	-3.8638854	12.8130245	0.07545579	0.94	32.0	967.306806564331
56	-8.167335	1.613194	-6.0818853	-10.765803	70.14286	-6.5746036	5.0809994	1.4592289	-21.13127	34200	-3.33786e-08	4.636423	-0.1359821	-4.3200216	12.745126	0.08027183	0.8066667	14.0	984.3773856163025
57	-9.233587	3.4775443	-5.3319798	-14.845365	79.14286	-4.998345	3.9824483	0.73094106	-21.046314	34800	-5.2452087e-08	18.192291	-0.15019181	-13.353188	12.666292	-0.023897642	0.98	79.0	1001.5865564346313
58	-11.755512	2.5325701	-6.402319	-14.051648	96.666664	-6.085175	3.4030545	1.6068985	-24.463272	35400	-6.9936114e-08	6.6117816	-0.14098233	-5.523596	12.769855	0.09026314	0.74	10.0	1018.3155429363251
59	-8.030977	4.2343607	-3.7577481	-15.527785	66.0	-5.1545243	2.4168265	0.96432173	-13.7572975	36000	2.3841858e-08	10.071768	-0.15125377	-7.791418	12.794839	0.08859802	0.84833336	14.0	1035.1755006313324
60	-8.550074	2.2554884	-5.7422185	-11.805188	86.166664	-5.800782	3.901043	0.46207714	-16.770657	36600	-2.2848447e-08	5.3597655	-0.12964846	-4.8511534	12.737528	0.09403196	0.70166665	7.0	1052.9733521938324
61	-8.117928	1.3765416	-5.9594703	-10.120816	78.0	-3.2419968	2.1977537	1.6474104	-11.440678	37200	2.6861827e-07	2.473522	-0.14120628	-2.0451696	12.727142	0.07988564	0.76166666	10.0	1070.111997127533
62	-8.629956	1.9722843	-6.082951	-12.319075	85.57143	-4.806529	4.337139	2.2643757	-17.240803	37800	-4.2915346e-08	3.639839	-0.13811523	-3.1260111	12.683557	0.08049187	0.855	19.0	1087.507512331009
63	-8.415635	3.0263681	-5.5215006	-15.581651	73.0	-6.235236	4.6454954	1.1496263	-23.19275	38400	6.9936114e-08	6.035055	-0.13945687	-5.5289717	12.698017	0.08223575	0.81666666	11.0	1104.8121783733368
64	-10.648886	2.2161233	-8.175671	-14.563804	107.6	-7.9318776	5.8222995	1.8672485	-19.140816	39000	-1.1285146e-07	8.609178	-0.15098082	-7.1541862	12.660042	0.08138048	0.9066667	17.0	1122.2321858406067
65	-9.399646	1.5275751	-7.8486834	-12.026481	100.8	-5.5034604	2.1988857	-0.6899948	-19.237896	39600	-9.000301e-08	5.610134	-0.13625532	-3.9728258	12.756806	0.08908499	0.79833335	10.0	1139.2859976291656
66	-9.650862	2.2271316	-6.5464163	-12.372524	86.666664	-6.9576864	4.298647	0.52907467	-18.419123	40200	6.67572e-08	5.4923005	-0.13606143	-4.9207764	12.688161	0.09124892	0.80333334	10.0	1156.2765522003174
67	-12.469944	3.6509125	-7.383775	-18.984491	99.833336	-5.4537406	3.8657284	1.5481744	-18.899706	40800	-8.1658364e-08	18.878782	-0.13849027	-16.554382	12.882499	0.08510447	0.79	12.0	1173.1976833343506
68	-10.676826	5.0454454	-4.786572	-20.80101	95.833336	-7.4326377	5.2243814	1.400805	-22.038588	41400	1.001358e-07	11.601784	-0.14064908	-10.409872	12.910492	0.088785104	0.7583333	10.0	1190.545509815216
69	-7.767148	2.5577698	-5.6939983	-12.169801	67.875	-5.131782	3.5255733	1.3541332	-22.138634	42000	5.8809917e-08	10.597465	-0.13498113	-9.08359	12.794634	0.08007229	0.80833334	12.0	1207.5322444438934
70	-9.572931	2.4568663	-5.5191655	-12.878813	86.666664	-6.1574006	4.849617	2.628315	-20.630457	42600	-4.7683717e-08	6.425276	-0.13079974	-5.3110323	12.818827	0.09473903	0.72	8.0	1225.091309785843
71	-8.208444	1.2903062	-6.546976	-10.010606	72.75	-4.447434	2.5228791	1.9381489	-13.274374	43200	-1.5894572e-07	5.1910424	-0.14669521	-4.383891	12.775959	0.08028182	0.8066667	13.0	1241.9828205108643
72	-11.321392	4.3747287	-6.0868435	-18.794867	90.5	-9.3427925	6.653406	1.4479209	-23.03627	43800	5.7220458e-08	6.627111	-0.13870472	-6.0873966	12.862049	0.083317995	0.8383333	10.0	1259.3315081596375
73	-12.820475	2.0763092	-9.276746	-15.060687	118.8	-10.50731	6.004025	0.83050334	-22.032648	44400	-1.0808309e-07	10.166713	-0.15164848	-9.212633	12.918832	0.07628214	0.9483333	25.0	1276.7248196601868
74	-8.25593	3.653253	-4.5560703	-16.006886	78.28571	-7.8323765	4.7090545	-0.22292674	-21.088259	45000	-8.265177e-08	7.4867983	-0.1407744	-6.40634	12.603649	0.092068374	0.7683333	9.0	1294.1960895061493
75	-9.380345	3.534423	-4.2233377	-14.279811	82.28571	-10.787029	5.304427	0.5048952	-23.216593	45600	1.11262e-08	9.889114	-0.14500457	-9.101272	12.752278	0.087272316	0.79	9.0	1311.725286245346
76	-10.640025	3.6566198	-5.5912657	-17.76821	94.5	-6.319026	6.01199	1.1644013	-22.546312	46200	8.026759e-08	6.486305	-0.14696471	-5.496415	12.888824	0.083796114	0.8516667	15.0	1329.032779455185
77	-10.376437	4.4273167	-7.5416875	-19.19242	97.4	-10.287079	7.29129	1.0169075	-26.14231	46800	9.695689e-08	5.379962	-0.13655002	-4.900627	12.773818	0.091569416	0.71166664	7.0	1346.6296739578247
78	-9.472779	2.9708002	-5.5650697	-16.091055	77.0	-7.1057878	6.9892907	2.1089845	-23.986803	47400	2.5431316e-08	3.3348901	-0.14878438	-2.7916815	12.834348	0.08101187	0.86333334	13.0	1363.6431262493134
79	-8.159372	2.5682755	-4.142943	-11.84737	79.28571	-7.0821214	4.978989	2.0195365	-21.389376	48000	6.67572e-08	4.976862	-0.14448722	-4.551127	12.890484	0.081456535	0.87166667	16.0	1381.0168805122375
80	-8.669733	2.5594864	-4.894958	-12.256511	70.14286	-6.0701895	6.813909	1.9588755	-24.21206	48600	1.9232432e-07	4.0799937	-0.14505333	-3.5306203	12.808066	0.080993004	0.85	14.0	1398.530333995819
81	-8.93645	1.9831399	-5.2920637	-11.751754	78.0	-4.190791	3.3325138	3.1648023	-20.132605	49200	-3.1789146e-08	6.6985226	-0.14764136	-5.682019	12.743356	0.07536249	0.96	49.0	1415.585488319397
82	-7.673168	1.8605212	-4.7061477	-9.90928	66.0	-3.7107816	2.8629324	0.97944033	-17.53076	49800	2.7020773e-08	3.8797965	-0.13250196	-3.320016	12.636995	0.08533226	0.7866667	12.0	1432.4575707912445
83	-7.240937	1.3053787	-6.089908	-10.057808	63.444443	-3.3021498	2.1468174	2.9004636	-12.938801	50400	1.4305114e-08	2.3771904	-0.13234057	-2.135641	12.7663355	0.084021546	0.73333335	10.0	1449.5387179851532
84	-8.357116	2.6737444	-5.691766	-14.879181	70.25	-3.9943774	4.0515766	0.9271524	-21.0352	51000	1.9073486e-08	4.0362644	-0.13625647	-3.1811404	12.801433	0.083536275	0.83166665	14.0	1466.4382922649384
85	-7.982597	1.2301004	-6.4901114	-10.505021	67.25	-4.634445	4.0254645	1.6977023	-21.304798	51600	-1.4623006e-07	2.9339645	-0.14190473	-2.5289822	12.74069	0.07707183	0.87	20.0	1483.556344985962
86	-8.646826	2.4202604	-5.833633	-13.4961	85.14286	-3.5339713	2.0308757	0.9990858	-13.710444	52200	-8.106232e-08	4.745538	-0.14029838	-3.9119983	12.671737	0.07710099	0.8566667	16.0	1500.8401069641113
87	-7.160302	2.3813329	-3.3912053	-10.318627	66.333336	-5.058742	3.7039223	0.19391835	-15.922904	52800	-8.8214875e-08	4.3330398	-0.1273788	-3.9414318	12.805307	0.084784724	0.7316667	8.0	1518.152441740036
88	-7.6216917	2.1724727	-3.2884665	-10.620052	73.0	-5.4425564	4.7619076	1.5993358	-20.052277	53400	1.0331472e-07	4.181432	-0.14561296	-3.523108	12.537614	0.07860361	0.8516667	16.0	1535.5410437583923
89	-9.094047	1.4089046	-7.6941667	-11.655459	90.0	-3.9272318	1.8064249	1.0809782	-11.067134	54000	5.086263e-08	3.7450764	-0.16147457	-2.9370008	12.771525	0.06163705	0.99	79.0	1552.9652540683746
90	-8.632961	3.7315245	-3.7114592	-13.47787	74.0	-8.949981	5.5159774	1.7931849	-22.039976	54600	1.1841456e-07	5.560756	-0.14169787	-5.0926585	12.708346	0.0802879	0.8466667	13.0	1570.8966088294983
91	-7.827807	4.369489	-2.8619065	-17.950312	66.125	-6.468009	5.9711328	2.8969245	-20.98121	55200	-2.22524e-08	6.6333504	-0.14952688	-5.377076	12.692189	0.08600638	0.87333333	14.0	1588.3146114349365
92	-8.14251	1.6759146	-5.3649874	-10.129002	74.25	-4.0395103	2.4708545	0.6845758	-20.482937	55800	-3.1789145e-09	3.420037	-0.14535105	-2.9508357	12.858157	0.08142527	0.8383333	13.0	1605.2411198616028
93	-10.350396	4.6731253	-5.793421	-19.646637	90.5	-9.609979	6.2104917	0.52142787	-22.33943	56400	1.4066696e-07	4.0252347	-0.14703067	-3.7665062	12.750412	0.08437069	0.8566667	12.0	1622.7790088653564
94	-10.603529	3.6791537	-6.082546	-17.131298	80.5	-6.8893337	5.2351885	1.3392524	-20.393364	57000	1.6371409e-07	6.6842847	-0.13166028	-6.066107	12.747733	0.08594011	0.79833335	9.0	1640.2004425525665
95	-7.7041736	1.2119517	-6.041409	-9.909139	75.57143	-5.6491203	4.848022	0.68637156	-19.476995	57600	-1.4305115e-07	3.417242	-0.13814616	-2.9690003	12.586354	0.08915638	0.82166666	13.0	1657.4421467781067
96	-6.9339876	1.2099401	-5.413002	-8.860404	71.875	-4.579369	2.7343817	1.4265491	-17.400866	58200	-8.742015e-08	4.173646	-0.13100931	-3.863399	12.67208	0.08611015	0.78	13.0	1675.0829441547394
97	-7.644558	1.8253943	-5.489586	-10.983617	73.875	-4.6150055	4.0814466	0.7046764	-15.650498	58800	-4.529953e-08	2.858596	-0.14370154	-2.428375	12.781635	0.06602432	0.965	79.0	1692.480275630951
98	-10.709045	3.7802358	-7.3143744	-17.67687	97.0	-8.29083	6.8479447	1.8908987	-21.719759	59400	-1.14440915e-07	4.426524	-0.13701466	-4.022707	12.814917	0.08878671	0.7583333	8.0	1710.0185527801514
99	-9.020647	3.7526584	-2.9243364	-14.046307	78.0	-4.3023896	2.2955627	0.38137078	-19.145428	60000	-1.056989e-07	4.6488037	-0.13718104	-3.3837342	12.657019	0.07976802	0.79	11.0	1726.858026266098
100	-10.199716	5.314295	-4.577714	-18.081144	87.333336	-8.900376	6.482737	0.1550839	-21.363153	60600	3.1789146e-08	4.604763	-0.13136578	-3.8952818	12.700827	0.086175576	0.7966667	9.0	1744.8707339763641
101	-11.147897	4.8059845	-6.248292	-21.176937	82.71429	-6.678872	4.7652535	0.9333706	-21.368448	61200	6.039937e-08	5.298214	-0.1425302	-4.514708	12.8171425	0.09018474	0.7916667	10.0	1763.0782315731049
102	-8.816016	2.8847027	-5.9790688	-15.096975	73.0	-6.1305695	5.1527963	0.6262106	-22.30262	61800	-2.1060307e-08	4.960977	-0.13010243	-3.9776502	12.960068	0.10414545	0.71666664	6.0	1780.2418246269226
103	-9.352542	2.818123	-6.065921	-14.808528	81.166664	-6.1274242	6.0275598	1.4890652	-23.748909	62400	1.11262e-08	5.087996	-0.14154123	-4.0672746	12.890891	0.081448056	0.87	15.0	1797.3259763717651
104	-8.906767	3.451317	-6.6560445	-17.004087	78.42857	-6.5520134	5.4038696	1.528843	-21.333809	63000	-4.9273172e-08	3.9069002	-0.14200033	-3.5223122	12.992696	0.08188202	0.78	9.0	1814.7066044807434
105	-9.969069	2.9677815	-7.7008615	-16.216799	97.333336	-6.933709	6.6133084	1.7303545	-22.60582	63600	-6.198883e-08	2.757231	-0.13625506	-2.4927306	12.695303	0.08622753	0.7966667	11.0	1832.3536067008972
106	-10.855702	1.2934893	-8.88414	-12.55982	97.166664	-3.434948	2.0070326	0.9104128	-10.177168	64200	3.7352244e-08	5.247381	-0.15986975	-4.062133	12.901525	0.037761446	0.99333334	79.0	1849.5103447437286
107	-10.875488	3.350057	-7.286292	-16.524607	101.6	-6.383516	4.0261154	2.5652046	-18.951195	64800	1.5735627e-07	5.382832	-0.12972923	-4.5503197	12.826069	0.08270387	0.7	8.0	1866.8480262756348
108	-8.704398	2.915146	-6.2304845	-15.511373	84.71429	-7.7100983	5.664994	0.55023766	-21.703703	65400	1.14440915e-07	3.763494	-0.14342564	-3.0641162	12.757247	0.08858024	0.8566667	12.0	1884.3887631893158
109	-8.192582	2.306099	-5.7037163	-13.380896	68.85714	-5.1663933	2.8840473	0.7784723	-16.726318	66000	-1.1483828e-07	7.4873424	-0.14797466	-5.3549175	12.7184305	0.07713931	0.9033333	21.0	1901.558129310608
110	-10.269393	4.243464	-6.98484	-19.50926	90.5	-6.357773	3.8169367	0.06800616	-18.969326	66600	2.5431316e-08	9.066254	-0.12499229	-8.261602	12.664339	0.09000499	0.6433333	6.0	1919.2119491100311
111	-8.53594	2.3237429	-4.350027	-11.9538355	77.57143	-4.5108542	2.9353023	0.37401843	-14.2003145	67200	0.0	3.4529965	-0.13820961	-3.029317	12.810579	0.084609695	0.7916667	10.0	1936.2121651172638
112	-9.658394	2.8929133	-5.7240324	-14.101905	98.6	-6.072335	5.254514	1.0899931	-20.800888	67800	3.33786e-08	10.836348	-0.14063495	-9.289367	12.671016	0.085050225	0.7733333	10.0	1953.3572080135345
113	-10.175788	4.1485696	-6.433174	-18.966488	96.666664	-8.797105	5.865367	-0.12210274	-24.769913	68400	-1.9073486e-08	5.811148	-0.13008948	-5.1295633	12.870937	0.08875127	0.71666664	7.0	1970.907665014267
114	-9.49749	1.8041238	-7.23632	-12.446427	95.166664	-5.205454	2.4870307	1.478566	-13.285509	69000	1.9272169e-07	3.8314233	-0.13932884	-3.0146422	12.826105	0.08850703	0.7866667	11.0	1988.1430401802063
115	-8.878485	1.6263696	-5.3621645	-10.190987	81.14286	-4.5042477	2.1731071	1.2808964	-11.4239025	69600	1.780192e-07	4.61781	-0.14692944	-3.6841152	12.925107	0.07765889	0.88	17.0	2005.134236574173
116	-8.394994	2.348861	-5.824553	-12.921229	81.333336	-7.1520295	5.0963364	1.4486951	-20.864216	70200	3.973643e-09	6.268291	-0.14533351	-5.985504	12.984645	0.08077685	0.83	12.0	2022.670667886734
117	-7.8414807	2.8637288	-4.194619	-14.189056	63.0	-3.316879	2.037558	1.7004707	-9.62759	70800	-8.90096e-08	3.5919657	-0.15638925	-2.6999774	13.057548	0.07582919	0.9766667	37.0	2039.5724415779114
118	-9.050645	1.7429247	-6.7871227	-12.226433	82.833336	-3.5268261	2.0508149	1.2488985	-11.245523	71400	1.8199285e-07	4.960989	-0.14535241	-3.3812199	12.810749	0.085001424	0.86833334	15.0	2056.2148003578186
119	-9.280501	3.3986506	-5.755648	-17.287851	82.14286	-7.5563955	6.7526646	0.48238897	-24.470892	72000	-8.026759e-08	3.8626456	-0.15185587	-3.378481	12.974005	0.07831273	0.92	23.0	2073.437665462494
120	-14.211533	4.6895432	-9.724916	-20.350693	107.4	-9.66931	7.376276	1.0130463	-23.443031	72600	-1.04109446e-07	7.155747	-0.14166988	-6.4832125	12.751117	0.08624118	0.78	8.0	2091.4911851882935
121	-8.7189455	4.860634	-5.131413	-20.262886	72.28571	-8.072616	7.0150833	0.61394477	-25.782518	73200	2.5431316e-08	6.0842047	-0.13391264	-5.2140236	12.748727	0.09106266	0.77166665	8.0	2109.4013731479645
122	-8.198869	2.3883817	-5.0460763	-12.665121	70.0	-3.9034417	2.0547786	3.6633258	-10.324589	73800	-2.1378199e-07	5.786124	-0.14294629	-4.1985397	12.605191	0.089840874	0.82	11.0	2126.391682624817
123	-8.351611	2.1589615	-5.0557637	-11.608529	71.875	-4.1847095	2.2017825	2.0499089	-10.948791	74400	-1.6649564e-07	4.4364324	-0.13836136	-3.4205291	12.59901	0.08126908	0.74833333	9.0	2143.4025671482086
124	-10.503154	3.8154612	-5.2560515	-17.413109	93.833336	-8.788135	4.844581	2.730403	-22.733719	75000	-1.6212464e-07	6.490745	-0.14243418	-5.990899	12.629109	0.086878434	0.80833334	11.0	2161.2082266807556
125	-10.595521	5.5120025	-5.4195395	-22.271694	81.28571	-7.000669	5.9303927	1.2954478	-24.36672	75600	-1.7166138e-07	7.319557	-0.13685708	-6.017133	12.745374	0.09220052	0.82166666	10.0	2178.46653342247
126	-8.2334	2.9415023	-3.9016707	-13.720108	68.875	-4.3496585	2.2441027	1.328209	-12.99804	76200	-8.106232e-08	4.087406	-0.13543074	-3.2290773	12.727264	0.08087895	0.81666666	12.0	2195.3600902557373
127	-8.83695	3.5351982	-4.522806	-14.875778	73.14286	-4.188923	2.0885549	1.5626374	-11.932222	76800	-2.4239222e-08	5.571691	-0.14910905	-4.180109	12.772456	0.08166696	0.86	14.0	2212.5572106838226
128	-10.625007	5.2173376	-5.1398764	-21.511814	82.28571	-7.5226207	7.3004336	2.297769	-25.298487	77400	9.695689e-08	6.42395	-0.1430111	-5.3247185	12.885706	0.07880767	0.8233333	12.0	2230.0742814540863
129	-9.88131	3.5318341	-6.3182197	-16.993908	83.85714	-8.194134	7.6136136	1.3595588	-27.152155	78000	-1.8835068e-07	5.2839026	-0.15570067	-4.2223244	12.657968	0.056786925	0.98333335	79.0	2247.918603181839
130	-6.667384	1.5620381	-4.1445923	-9.846682	62.375	-7.2501845	6.06435	2.0266852	-25.153332	78600	0.0	5.656214	-0.13723673	-5.198574	12.809096	0.08994422	0.755	9.0	2265.8846578598022
131	-12.070048	5.2972507	-6.991275	-20.601862	91.0	-10.422183	8.883118	2.4902925	-28.535372	79200	1.3510386e-07	11.301133	-0.12734063	-10.263131	12.636653	0.08752614	0.795	9.0	2283.265418767929
132	-10.152418	3.1227074	-6.743109	-15.679261	88.166664	-7.631949	5.228069	1.4549977	-21.600252	79800	-4.3710074e-08	6.6778274	-0.13697973	-6.293508	12.921841	0.08416475	0.82	12.0	2300.568165063858
133	-9.676729	1.8124177	-8.5577965	-13.270961	103.2	-6.3299017	5.0767355	0.68904245	-21.59884	80400	1.4940898e-07	5.249967	-0.14297259	-4.585947	12.5663	0.076750085	0.87166667	22.0	2318.1400690078735
134	-10.883943	4.27053	-8.493948	-20.366205	84.666664	-9.959544	7.6875176	0.015398145	-24.663746	81000	-1.9073486e-08	4.326433	-0.14192985	-3.9979148	12.6131315	0.08239571	0.77166665	8.0	2335.352216720581
135	-8.769221	4.0037255	-4.3451414	-16.367697	70.125	-5.721976	5.3195353	1.6586226	-19.148422	81600	9.536743e-08	7.2354794	-0.14605163	-5.771516	12.741967	0.079913504	0.89166665	20.0	2352.5675163269043
136	-10.039347	4.9065347	-4.1180634	-19.121906	79.0	-8.475042	6.9391127	0.12864077	-25.141684	82200	-1.9073486e-08	10.078906	-0.1408278	-8.093026	12.756351	0.082870945	0.88	15.0	2369.5700080394745
137	-12.48326	3.5915873	-6.220375	-17.444847	93.166664	-7.5502586	6.162238	6.045595	-25.674152	82800	-8.106232e-08	8.981457	-0.15056613	-7.5170116	13.051688	0.08576173	0.88166666	12.0	2386.5629284381866
138	-10.493639	4.3362913	-5.55534	-18.519875	81.14286	-8.132669	6.280634	0.21252286	-25.942938	83400	-8.106232e-08	9.138918	-0.14115651	-7.9933815	12.696869	0.09764244	0.7216667	6.0	2403.4942927360535
139	-8.648974	1.5449623	-7.2726755	-12.083127	66.875	-4.661633	3.3585773	1.3775545	-22.029509	84000	-5.165736e-08	7.247526	-0.12327324	-6.7409296	12.828012	0.090156846	0.80833334	9.0	2420.2877638339996
140	-8.782658	1.4887159	-6.5584283	-11.22178	74.42857	-3.094125	2.0931396	2.9243484	-9.858889	84600	-2.2888183e-07	2.9777203	-0.1455923	-2.4294713	12.749118	0.08055559	0.8433333	14.0	2437.47177195549
141	-12.932622	4.4476995	-7.851611	-20.330828	96.666664	-10.862096	8.847851	1.5568966	-25.628183	85200	3.0199686e-08	3.2708626	-0.14596914	-2.879153	12.820672	0.08590958	0.85	10.0	2454.7817747592926
142	-9.91275	1.722029	-7.445681	-12.8833065	84.14286	-7.424192	7.3002033	2.4244382	-25.013182	85800	-1.11262e-08	7.5509286	-0.1557578	-6.3054276	12.74699	0.023351945	0.97833335	79.0	2472.1715426445007
143	-10.854861	5.0631766	-5.4203796	-19.360516	81.57143	-10.384801	7.3344803	-0.2503103	-25.947296	86400	5.801519e-08	5.757771	-0.14969854	-4.928518	12.602952	0.095833234	0.835	9.0	2489.698119163513
144	-8.860766	1.9329878	-6.357011	-12.304178	84.71429	-4.9057374	2.2705104	1.9461324	-14.405863	87000	4.7683715e-09	5.519028	-0.1528305	-4.161137	12.674208	0.059571583	0.98	79.0	2507.103360891342
145	-10.374053	2.7251418	-6.8441367	-15.513837	91.5	-4.958148	2.1982548	1.046688	-14.020052	87600	-3.973643e-08	8.741323	-0.14972004	-6.703844	12.656745	0.08299443	0.845	12.0	2524.3258061408997
146	-9.176134	2.9182546	-4.5531645	-14.755744	74.875	-5.408554	2.6908143	1.8114898	-17.632013	88200	5.1259995e-08	8.771345	-0.1422807	-6.828756	12.857412	0.08783292	0.795	9.0	2541.26034784317
147	-9.569853	3.3098633	-6.544457	-17.297726	71.75	-7.406584	5.6619434	2.2033062	-21.329378	88800	5.8809917e-08	4.788206	-0.14338847	-4.1484528	12.824163	0.09348934	0.81166667	8.0	2558.336942911148
148	-10.168329	4.395386	-5.759132	-18.704264	76.14286	-6.5535173	5.726616	1.4890577	-21.655176	89400	1.2715658e-08	9.951388	-0.1402763	-8.513559	12.649013	0.09382107	0.7816667	8.0	2575.392370700836
149	-8.029761	2.075869	-5.432487	-12.041879	67.25	-3.824236	2.427967	2.8336353	-9.714966	90000	6.834666e-08	4.021616	-0.14372978	-3.3960872	12.786413	0.08450423	0.8283333	12.0	2592.4712705612183
150	-7.4834485	1.5562932	-5.695624	-11.044844	63.0	-3.6898367	2.584309	12.652215	-12.942016	90600	1.2715658e-07	4.8849044	-0.14046653	-4.145063	12.764318	0.07943992	0.87	16.0	2609.991643190384
151	-11.685372	4.7980914	-5.7656417	-19.959234	92.166664	-7.6274457	6.491379	1.5325725	-24.396812	91200	-1.11262e-08	11.278563	-0.14187494	-9.942173	12.728196	0.079501316	0.8466667	10.0	2627.291307926178
152	-9.466356	3.679143	-6.246381	-17.224062	80.57143	-7.8601418	7.125491	0.68808925	-25.852997	91800	-2.3841858e-08	4.6727853	-0.1471759	-4.342436	12.899395	0.080630146	0.8283333	13.0	2644.389364004135
153	-7.1158667	1.7227583	-5.5950475	-11.232591	57.2	-3.754152	2.4289143	1.3883985	-11.817339	92400	1.0251999e-07	3.5689201	-0.14841755	-2.9415598	12.771016	0.083006226	0.86333334	12.0	2661.2968645095825
154	-8.66459	3.6193929	-4.026492	-14.071461	75.0	-5.1272497	4.6376457	2.087014	-19.206146	93000	4.9273172e-08	5.9915566	-0.15045714	-5.1275525	12.789373	0.0820702	0.885	14.0	2678.837542772293
155	-10.9486065	3.6412148	-6.680713	-15.622453	83.28571	-6.59243	4.935277	0.45343387	-24.875923	93600	-1.2715658e-08	9.61117	-0.13549632	-8.08261	12.620511	0.08107788	0.83	13.0	2696.284473180771
156	-6.700457	1.1385663	-5.155625	-8.887322	54.6	-4.2450724	2.6837664	2.012661	-16.079456	94200	-6.357829e-08	5.43049	-0.13970855	-5.022402	12.711227	0.086087726	0.8333333	10.0	2714.9407374858856
157	-8.008589	3.9366794	-3.873651	-17.660572	67.375	-6.7783093	6.712713	1.9368631	-22.85025	94800	7.947286e-08	4.3604946	-0.13733831	-3.9026103	12.840487	0.08922695	0.82	10.0	2733.120963573456
158	-7.762527	1.0121406	-6.3197937	-9.457441	76.85714	-3.65795	2.7989562	1.9791807	-15.510687	95400	-2.5431316e-08	2.6992862	-0.13140708	-2.4445624	12.851235	0.08055471	0.79833335	13.0	2751.365095615387
159	-8.892234	2.453132	-5.90233	-13.252112	79.14286	-5.5759463	4.293515	1.7497276	-21.903297	96000	5.4041546e-08	7.419655	-0.12982593	-6.259591	12.736051	0.087102436	0.77166665	10.0	2768.752715110779
160	-8.118057	2.145587	-5.3868017	-12.387908	70.0	-4.0764084	1.8467443	0.20955074	-11.603274	96600	-1.2119611e-07	2.9793417	-0.15489207	-2.3901181	12.789906	0.0825021	0.87333333	17.0	2786.3482801914215
161	-8.90935	2.011783	-6.24662	-13.393619	70.375	-4.622693	2.8099813	0.579437	-18.379934	97200	1.16825106e-07	5.2052402	-0.14072834	-4.092047	12.649537	0.0798953	0.8233333	13.0	2803.488562107086
162	-8.631594	3.7629864	-5.204982	-14.800716	71.875	-4.272557	2.3929708	0.512846	-15.327811	97800	1.4702479e-07	9.937769	-0.15203738	-7.135056	12.807649	0.0789534	0.9033333	20.0	2820.6526975631714
163	-8.281376	3.5004876	-4.7886744	-15.592231	69.125	-7.006595	5.244195	0.6918043	-20.0483	98400	0.0	6.4311643	-0.15441732	-4.7829833	12.76439	0.08284387	0.85333335	11.0	2838.048036336899
164	-7.8885508	2.6129394	-4.1927943	-13.023774	60.555557	-5.1092196	2.7184453	1.403303	-17.616049	99000	1.303355e-07	6.5835643	-0.13335037	-5.2430115	12.958042	0.09409562	0.77166665	7.0	2855.098450422287
165	-7.8535285	1.5668705	-4.9152	-10.443848	66.625	-4.960209	5.0151734	1.2273729	-20.890953	99600	1.2397766e-07	4.0052147	-0.13689426	-3.5681472	12.806725	0.08385162	0.79833335	11.0	2872.333657979965
166	-7.452285	2.5808508	-5.320101	-14.886716	56.5	-4.2825017	4.341796	1.973494	-24.90542	100200	9.536743e-09	4.300146	-0.13742009	-3.211156	12.805719	0.08243863	0.79	9.0	2889.5142154693604
167	-7.528983	2.2520227	-4.698377	-12.823309	61.0	-5.3229237	4.582115	1.6263378	-19.094023	100800	-1.6212464e-07	4.778882	-0.14264914	-4.289954	12.63965	0.08367415	0.8566667	12.0	2906.9429647922516
168	-8.063497	2.787695	-4.1088843	-13.883931	62.125	-4.9865713	3.9331007	2.3765895	-18.712656	101400	-9.536743e-09	6.0495806	-0.13929856	-5.465758	12.674982	0.086774476	0.8333333	13.0	2924.661340713501
169	-9.556271	2.0029683	-5.5385885	-12.911928	74.625	-3.3401563	1.9840757	2.1697853	-8.419757	102000	-3.6557516e-08	3.134711	-0.14538276	-2.5568888	12.968345	0.08183589	0.8233333	11.0	2941.4709117412567
170	-7.5647483	2.5830538	-4.5301213	-12.721428	64.55556	-3.9229875	2.6714115	2.2545419	-16.191298	102600	3.8146972e-08	5.570106	-0.14683115	-4.280357	12.746382	0.07760822	0.8833333	16.0	2959.1851029396057
171	-7.4007254	1.4153492	-5.3165894	-10.278331	53.444443	-3.8124247	1.8817186	1.4804415	-9.403688	103200	-1.4305114e-08	2.8456225	-0.14167732	-2.2770972	12.770536	0.09026867	0.79	9.0	2976.239472389221
172	-8.532643	3.230278	-4.2542596	-14.998075	66.55556	-4.687483	3.6754837	1.2724828	-17.549473	103800	-3.1789145e-09	5.9207726	-0.13153046	-5.410246	12.650114	0.08086951	0.77166665	9.0	2994.4689044952393
173	-8.54156	4.714025	-3.8524747	-19.726427	66.0	-7.1409454	6.9988785	2.8641157	-26.076944	104400	6.437302e-08	5.5106497	-0.13838898	-4.3344035	12.713166	0.08705475	0.8	9.0	3012.6144297122955
174	-7.8883524	1.752443	-6.046288	-10.813299	62.0	-4.6128693	2.7528267	1.6721958	-14.987732	105000	1.5497207e-07	3.7590754	-0.14266858	-3.2898424	12.535336	0.082876906	0.825	11.0	3030.045780658722
175	-8.556332	4.3634267	-4.3032484	-16.166569	66.44444	-7.2083936	7.281831	2.6230934	-24.509659	105600	-1.1285146e-07	5.397134	-0.14600655	-4.5300274	12.643875	0.08685834	0.84166664	10.0	3047.5464975833893
176	-8.800342	3.0928085	-4.4019723	-13.307798	66.875	-5.793037	4.339142	1.1924787	-20.111946	106200	5.642573e-08	5.356407	-0.1445818	-4.7201233	12.806482	0.07652954	0.89	17.0	3066.3894381523132
177	-8.204117	4.150142	-4.344728	-18.86845	61.333332	-6.92351	7.3502345	1.8130634	-25.418133	106800	5.5034956e-08	3.0251324	-0.14373015	-2.5483093	12.779557	0.085399464	0.7966667	10.0	3084.650759935379
178	-9.907179	3.1037176	-5.9655147	-15.476698	74.75	-3.6351037	1.9170622	1.6238455	-10.463509	107400	-3.1789145e-09	9.823664	-0.1561891	-8.772253	12.764077	0.08313045	0.89666665	16.0	3102.6601955890656
179	-9.576067	2.693651	-5.182567	-14.106168	78.71429	-6.353078	4.6064525	2.8138118	-19.387125	108000	1.39077505e-08	7.413399	-0.1465479	-5.4598155	12.617952	0.0421941	0.9766667	79.0	3121.463441848755
180	-8.330309	2.9711268	-5.7557926	-15.463537	64.125	-6.3789687	4.0168967	4.2500157	-22.588867	108600	9.695689e-08	9.93173	-0.14272201	-8.88013	12.78784	0.08981987	0.8233333	9.0	3140.182686328888
181	-6.549265	1.3286802	-4.7588167	-9.268506	52.18182	-3.5646615	2.113556	3.126468	-12.223528	109200	2.3047129e-08	3.6409855	-0.13558021	-3.1426773	12.761126	0.082533516	0.77	8.0	3157.703416109085
182	-9.403664	2.331861	-6.008917	-12.756812	76.28571	-5.1918125	5.238696	1.1649897	-22.531128	109800	-4.529953e-08	5.3719597	-0.14284094	-4.8179483	12.810205	0.08179747	0.85	13.0	3175.6338193416595
183	-8.670849	1.5912206	-6.831506	-11.239681	71.875	-3.7156925	2.297127	1.5058647	-10.698283	110400	-2.0186107e-07	2.724932	-0.15219057	-2.182515	12.718288	0.08135918	0.9033333	15.0	3193.4008185863495
184	-11.510795	4.616382	-7.9104395	-19.271368	81.0	-8.398802	7.156738	0.87273395	-25.926487	111000	-2.6226044e-08	4.427754	-0.13811035	-3.8185284	12.632665	0.084227264	0.825	10.0	3211.0891416072845
185	-8.398035	2.5028095	-5.0368915	-14.347638	63.125	-5.747845	4.4391522	0.8375584	-19.876886	111600	6.11941e-08	7.6842165	-0.15576807	-5.9410567	12.67933	0.06355951	0.9866667	79.0	3229.2308473587036
186	-7.738069	1.8869914	-4.4503245	-10.87711	57.4	-4.161472	2.194862	0.54627824	-11.946447	112200	1.2477238e-07	3.155026	-0.14881295	-2.674637	12.7144985	0.07792779	0.91	18.0	3246.9047679901123
187	-8.418026	3.8227754	-5.859102	-18.03295	68.75	-7.1222606	7.1604753	3.020915	-26.557018	112800	-5.801519e-08	6.736509	-0.15142448	-5.1278315	12.694162	0.0513762	0.9866667	79.0	3265.13245344162
188	-10.006144	4.389242	-5.8818645	-18.347994	82.28571	-10.41041	6.711261	1.4045914	-26.3356	113400	-6.238619e-08	9.28216	-0.15520695	-8.847307	12.832057	0.07676557	0.9483333	23.0	3283.5761086940765
189	-8.7169695	4.107816	-4.3098593	-19.33499	62.0	-6.7206907	6.254951	0.83464	-22.498432	114000	1.335144e-07	4.3994555	-0.13297689	-3.9065394	12.769668	0.09933938	0.775	8.0	3301.554756641388
190	-10.5177355	4.8443065	-4.3849115	-20.45698	76.71429	-6.7085133	7.1495914	1.2675948	-25.251053	114600	5.4836274e-08	3.6362476	-0.13890956	-3.1182094	12.639902	0.0916924	0.805	9.0	3319.5374643802643
191	-8.77754	3.8486016	-5.486802	-18.321379	64.666664	-7.369349	7.377154	1.8773893	-25.760916	115200	-1.3510387e-08	4.2167983	-0.13393256	-3.6229925	12.6778345	0.09202887	0.8066667	9.0	3337.2822649478912
192	-8.992052	3.859666	-5.1875057	-16.984163	74.0	-10.291486	6.6272	0.54357135	-26.413998	115800	7.311503e-08	3.9627807	-0.13584512	-3.7391067	12.705687	0.089018725	0.80333334	8.0	3355.5338599681854
193	-8.424237	4.650077	-4.856078	-19.813038	63.88889	-8.397813	7.456664	1.1306498	-24.528624	116400	-6.357829e-08	5.5032935	-0.1279567	-4.93354	12.5331745	0.08853516	0.82166666	9.0	3373.6924624443054
194	-10.259856	4.035502	-5.855672	-19.073387	78.28571	-6.9390135	7.491579	1.5542505	-25.043167	117000	5.7220458e-08	3.8708797	-0.14124647	-3.3570254	12.784443	0.0928062	0.8333333	7.0	3391.627437353134
195	-11.825691	2.729532	-8.35047	-17.095379	93.333336	-9.403142	8.502413	2.49408	-27.669773	117600	1.2715658e-08	6.3235784	-0.13624473	-5.8473544	12.739074	0.089155264	0.855	11.0	3409.8155841827393
196	-9.92317	4.398984	-5.0007124	-19.209044	83.0	-9.693944	7.8057666	0.45965517	-27.394781	118200	2.1616619e-07	4.7310905	-0.13686702	-4.387667	12.650142	0.094047196	0.81166667	9.0	3428.366071462631
197	-7.2163835	1.898988	-5.0954876	-10.754813	56.1	-3.7215226	3.193426	0.718174	-23.317604	118800	-3.6557516e-08	5.3863697	-0.1223641	-4.851726	12.894606	0.086116545	0.7733333	9.0	3445.8348739147186
198	-7.348906	3.0897293	-4.1341853	-12.940865	61.5	-5.777498	5.1699615	-0.12695467	-18.849176	119400	-5.4041546e-08	6.7442718	-0.14291562	-5.072864	12.783694	0.07884752	0.9116667	18.0	3463.522097826004
199	-9.5110855	4.1484447	-5.8684587	-19.018658	77.57143	-7.9296923	6.587472	0.29289448	-25.839241	120000	-1.7325084e-07	3.309453	-0.14778256	-2.8092978	12.581264	0.081486784	0.85	12.0	3481.9645476341248
