Epoch	AverageEpRet	StdEpRet	MaxEpRet	MinEpRet	EpLen	AverageVVals	StdVVals	MaxVVals	MinVVals	TotalEnvInteracts	LossPi	LossV	DeltaLossPi	DeltaLossV	Entropy	KL	ClipFrac	StopIter	Time
0	-8.615879	3.5581322	-6.0373244	-17.513237	68.375	-6.515524	6.3498507	1.8832835	-24.424473	600	-1.9550323e-07	4.161947	-0.15235016	-3.5709002	12.718633	0.08091961	0.91333336	11.0	17.847575664520264
1	-9.142917	2.5956032	-4.6803284	-13.319799	84.14286	-5.262749	4.8494816	0.6165441	-20.136517	1200	2.0106633e-07	6.298488	-0.14524657	-5.6921873	12.902445	0.0794358	0.93	20.0	35.48429250717163
2	-8.3543215	1.9806104	-4.710217	-11.859406	70.875	-4.997735	3.8474162	-0.14515972	-23.964266	1800	2.2888183e-07	5.4578567	-0.14783734	-4.3693533	12.608395	0.08157795	0.87	13.0	52.73534154891968
3	-7.507341	2.5170774	-4.3629947	-12.6646805	55.5	-4.486507	2.2276807	1.9038038	-15.682531	2400	4.6094257e-08	5.72483	-0.15282977	-4.4659843	12.736899	0.07981074	0.89666665	19.0	69.87818145751953
4	-9.610132	4.6818137	-5.805001	-21.141329	72.25	-9.22121	7.6748557	1.284271	-27.42369	3000	9.2188515e-08	6.725026	-0.14284004	-5.9705873	12.651342	0.07814085	0.9	16.0	87.49795603752136
5	-8.700966	2.6445184	-4.900828	-14.25437	71.375	-3.9833586	2.227735	1.1175989	-12.517771	3600	-5.801519e-08	3.9723291	-0.14895861	-3.134334	12.695824	0.083413474	0.85833335	14.0	104.75205278396606
6	-9.924693	3.2952266	-5.4006643	-15.927958	79.0	-8.73818	6.270786	2.1773014	-22.897041	4200	-2.8212865e-08	5.6125746	-0.14239685	-5.0146413	12.757011	0.080420256	0.87166667	14.0	122.18590331077576
7	-8.077596	3.5619645	-4.1171055	-16.548431	67.375	-8.536236	7.121612	0.6772766	-25.79822	4800	8.583069e-08	4.7511053	-0.14167099	-4.219317	12.746803	0.080776684	0.86	15.0	139.94831442832947
8	-8.661487	5.5113115	-4.743394	-20.617472	64.55556	-10.7228775	9.15247	0.7869669	-26.795721	5400	-7.947286e-08	4.8606877	-0.14264065	-4.220972	12.814965	0.09341299	0.80833334	8.0	157.71977162361145
9	-8.623066	3.6574748	-4.9247622	-16.671534	70.0	-7.531574	7.5881166	1.2115924	-25.621784	6000	5.4041546e-08	5.6203628	-0.14606452	-4.7891283	12.755995	0.0862317	0.8983333	14.0	175.45859456062317
10	-7.7596307	3.023745	-4.06651	-14.755496	58.555557	-7.063648	5.501457	0.43490934	-22.681356	6600	-1.6093254e-07	11.141644	-0.13239445	-10.467229	12.65606	0.080186196	0.86	14.0	193.23524403572083
11	-7.4247465	2.1413794	-4.5568495	-13.206157	57.5	-2.9795067	2.3419018	2.13245	-13.435953	7200	-2.3047129e-08	3.4533772	-0.14323807	-2.693369	12.76168	0.0833694	0.86833334	15.0	210.31438946723938
12	-13.077248	4.905412	-6.133107	-17.593994	96.333336	-14.516309	8.996343	0.7214507	-28.035055	7800	-7.311503e-08	9.494237	-0.15347512	-7.9558268	12.748915	0.07939837	0.91333336	14.0	228.20123934745789
13	-8.41128	2.7847216	-4.624312	-14.719973	63.555557	-5.8324037	2.2620447	-0.5964302	-16.683828	8400	-9.139379e-08	9.250297	-0.14695154	-7.1271753	12.4277	0.08879435	0.7966667	10.0	245.2662045955658
14	-7.970241	2.9784572	-4.777915	-13.677127	59.22222	-7.628198	7.040293	0.22092414	-27.465406	9000	-2.0345053e-07	6.728549	-0.1397739	-6.074873	12.520122	0.08849164	0.83	10.0	262.58060574531555
15	-12.649521	6.3702154	-5.448269	-20.803858	82.85714	-13.99962	9.661551	2.524683	-27.61115	9600	-6.357829e-09	9.712163	-0.13078256	-8.361608	12.478478	0.08367612	0.815	9.0	280.05362939834595
16	-8.442775	2.7980342	-4.682713	-14.172513	64.333336	-5.666848	5.1706038	1.5436925	-24.261333	10200	-1.6291936e-07	5.511324	-0.12370257	-5.2050495	12.564349	0.08418976	0.8183333	12.0	297.4496440887451
17	-8.002253	3.2395215	-3.2961738	-13.012201	61.5	-4.276735	3.3010347	1.5976586	-17.402277	10800	-1.5179316e-07	8.126195	-0.15109932	-6.4077663	12.44119	0.08196866	0.8466667	14.0	314.9617817401886
18	-9.407241	4.9023185	-5.274193	-20.573315	67.875	-12.319244	8.953923	0.9211154	-27.759142	11400	-5.4041546e-08	7.921603	-0.14233205	-7.4106007	12.71149	0.077547446	0.93333334	23.0	332.6499865055084
19	-10.002601	3.4905667	-5.837663	-15.462685	82.28571	-10.318237	8.039623	1.1538486	-25.47041	12000	-8.026759e-08	9.467419	-0.13912486	-7.6787934	12.473545	0.0793841	0.845	12.0	350.52646803855896
20	-8.657267	4.502438	-4.08133	-18.162502	65.77778	-9.806569	7.207627	1.0941458	-26.022755	12600	-3.7352244e-08	7.1091433	-0.15016653	-6.41367	12.680213	0.06742785	0.9816667	79.0	368.69788122177124
21	-9.384753	4.0911145	-4.898108	-16.970636	71.125	-9.648468	8.087668	2.0381386	-26.395353	13200	-5.00679e-08	3.4431648	-0.14312096	-2.9815595	12.695396	0.08586054	0.855	11.0	386.4239921569824
22	-8.770112	3.8099375	-4.1773386	-17.528698	66.666664	-8.602344	7.2447715	1.7518675	-23.697569	13800	1.11262004e-07	3.216265	-0.13823006	-2.93407	12.59216	0.09017479	0.775	7.0	404.0697000026703
23	-12.610577	3.2652502	-7.2455974	-15.677869	105.4	-14.071131	7.678973	0.81673014	-24.342646	14400	-4.9273172e-08	4.7097626	-0.14361557	-4.2953043	12.50253	0.084501736	0.8983333	15.0	422.31349182128906
24	-7.4953156	2.7614968	-4.0540385	-14.178557	58.0	-4.049153	2.3362813	0.5097747	-12.955391	15000	1.7642975e-07	8.143008	-0.15215957	-5.787813	12.536308	0.07855873	0.92333335	17.0	439.4435112476349
25	-8.462149	3.496243	-4.8961096	-16.920042	61.333332	-7.0595107	5.9028616	0.60016453	-22.29132	15600	8.225441e-08	4.168266	-0.15152265	-3.552177	12.436864	0.08158777	0.8616667	12.0	456.78577280044556
26	-7.590043	2.308735	-5.5049562	-12.571451	69.71429	-4.868141	3.7480476	1.7933451	-17.464294	16200	-2.2649765e-08	5.8877287	-0.14619361	-4.7580085	12.561968	0.07848178	0.925	19.0	474.13568139076233
27	-6.360898	1.3091447	-3.931888	-8.933402	54.0	-5.0059524	2.8279095	1.3462851	-16.750647	16800	-5.086263e-08	4.3509965	-0.12638165	-3.9961452	12.553211	0.08749325	0.6766667	6.0	491.76271510124207
28	-7.115658	1.894618	-4.6791973	-10.949353	60.0	-4.4263177	4.023501	1.5029025	-16.645626	17400	3.89417e-08	4.6841197	-0.13366681	-4.3754873	12.344707	0.08336967	0.73833334	8.0	509.28174448013306
29	-6.4145722	1.5930614	-4.0758734	-8.987573	48.545456	-2.8536634	2.0153108	1.1352236	-9.640873	18000	6.834666e-08	2.1271021	-0.13893613	-1.6869361	12.51689	0.08342446	0.805	11.0	526.577627658844
30	-11.3229	5.6844745	-4.159063	-21.482	80.14286	-10.261466	7.463581	1.0493567	-24.08308	18600	7.708867e-08	9.93483	-0.12833832	-9.353656	12.513999	0.08486316	0.79333335	8.0	544.7572643756866
31	-8.996796	2.773341	-6.598822	-14.131841	69.75	-6.953138	7.023077	0.39915633	-26.928682	19200	9.2188515e-08	5.0504875	-0.13685362	-4.4781237	12.369922	0.085368015	0.7916667	9.0	562.2302963733673
32	-9.574798	2.264866	-5.486963	-12.182625	92.166664	-7.2470946	6.0265713	1.4188308	-22.187473	19800	1.2874604e-07	5.3420033	-0.13345225	-4.8091908	12.456445	0.08043982	0.855	13.0	579.9005951881409
33	-9.885445	4.6005454	-5.7464643	-19.814474	73.0	-6.302088	4.933453	-0.21770394	-18.606018	20400	1.9073487e-07	6.734971	-0.1467181	-5.6966667	12.567169	0.08133614	0.835	10.0	597.5425498485565
34	-8.761309	3.0143714	-4.8793545	-13.445623	65.888885	-4.020306	2.4712775	0.9324875	-15.901981	21000	1.7623107e-07	7.1138754	-0.15958145	-5.37994	12.475318	0.042534124	0.9716667	79.0	614.8087556362152
35	-7.2892814	2.0280693	-4.6777034	-11.166062	61.88889	-4.9095225	2.900762	0.6553701	-15.004034	21600	-7.2320304e-08	4.2618675	-0.14717984	-3.6846077	12.260625	0.07727069	0.9033333	22.0	632.2138769626617
36	-9.119487	5.870512	-3.9992363	-24.272432	63.666668	-6.3383403	6.380126	1.6113683	-23.42194	22200	-1.1523564e-07	5.783823	-0.14917064	-4.827834	12.435971	0.077897035	0.89666665	16.0	649.6693875789642
37	-7.624214	2.1904001	-5.006599	-11.530762	62.333332	-6.004071	4.633874	1.2197894	-20.192123	22800	-1.959006e-07	3.5852034	-0.14522569	-3.1415582	12.366799	0.06584487	0.985	79.0	667.5174572467804
38	-8.590261	2.042171	-4.787397	-11.679505	69.28571	-7.15338	5.870218	0.8649757	-21.880465	23400	4.6094257e-08	2.793791	-0.14518188	-2.2672818	12.321381	0.08417592	0.83	10.0	684.8786902427673
39	-9.008256	1.7246351	-5.810208	-11.576001	68.625	-3.447883	1.9849687	1.0151647	-11.424199	24000	-1.5258789e-07	3.1523697	-0.14545988	-2.228347	12.535203	0.082017444	0.8433333	11.0	701.967535495758
40	-7.817807	4.2909174	-4.5753107	-20.238127	54.5	-6.6134877	5.861472	0.30920553	-23.922506	24600	5.2452087e-08	3.6735945	-0.13452734	-3.2896526	12.466214	0.095601626	0.725	6.0	719.6877710819244
41	-9.10914	2.8201942	-6.15438	-13.692509	70.5	-5.9157367	6.1464806	0.95914495	-23.71525	25200	4.45048e-08	4.8421793	-0.121386066	-4.066071	12.324136	0.09223573	0.785	8.0	736.9753329753876
42	-6.5130982	2.6860535	-3.970204	-11.564598	58.0	-5.13431	3.62894	0.2657082	-16.57449	25800	-7.947286e-08	3.233476	-0.14762425	-2.7203307	12.350887	0.08160591	0.89666665	16.0	754.7378149032593
43	-6.7898293	1.5833458	-4.217526	-9.19737	60.77778	-5.061914	4.428308	1.0206423	-21.867058	26400	-4.7683717e-08	2.3103793	-0.1422927	-1.9530333	12.075158	0.087667435	0.805	10.0	772.384948015213
44	-9.807014	2.8711882	-4.6269345	-13.28571	83.85714	-8.919966	5.4747076	1.2161616	-20.189003	27000	-1.66893e-07	4.7659726	-0.14422321	-4.3167324	12.291423	0.080683984	0.9033333	13.0	790.3278439044952
45	-7.9831	1.7448778	-5.807546	-11.153194	64.55556	-5.1169896	3.7192333	-0.1600163	-17.810265	27600	8.980433e-08	2.5972025	-0.13991813	-2.219404	12.187497	0.08424886	0.83	12.0	807.7622730731964
46	-8.980928	3.473544	-5.6968417	-17.394743	73.0	-7.188869	5.540841	1.3561838	-22.318216	28200	2.5431316e-08	3.7312949	-0.13771081	-3.3173635	12.26979	0.0876352	0.7783333	8.0	825.5371618270874
47	-7.220548	2.0931592	-3.5316541	-10.643336	53.8	-4.982338	4.8938727	0.6620277	-20.77966	28800	-1.2397766e-07	3.7548022	-0.1354658	-3.240519	12.215802	0.08794028	0.8283333	12.0	842.8965961933136
48	-6.2935767	1.8049791	-4.3482494	-10.244236	48.5	-4.251869	3.4702373	0.92737556	-13.551884	29400	8.583069e-08	3.064912	-0.14200121	-2.5791407	12.31113	0.076989725	0.8833333	17.0	860.3709869384766
49	-7.304596	2.230998	-4.4386706	-11.271219	62.22222	-3.1087236	1.8513267	0.41682613	-15.349583	30000	-8.424123e-08	3.1398363	-0.14795758	-2.2298636	12.233358	0.052735507	0.9866667	79.0	877.9939479827881
50	-6.7122636	1.752906	-4.377422	-10.132785	54.3	-5.1296043	3.8491116	0.057611585	-16.211775	30600	-1.7484028e-08	2.1399972	-0.13383085	-1.6780562	12.274944	0.09713416	0.75166667	7.0	895.8600869178772
51	-7.785007	2.1989925	-4.3498178	-11.18173	61.0	-5.873968	4.4000554	0.90199554	-16.464867	31200	-1.7960866e-07	3.42349	-0.12877126	-2.8954165	12.361261	0.09159666	0.7866667	7.0	913.4971082210541
52	-7.152186	1.3623986	-4.933697	-9.251693	68.75	-4.718933	3.6030731	0.54547036	-14.772244	31800	7.390976e-08	2.7433004	-0.13177466	-2.358382	12.238385	0.08429115	0.86333334	12.0	931.1183531284332
53	-9.0998745	3.6839569	-3.5887048	-14.77042	70.875	-5.1002636	3.6695223	0.42426646	-19.671412	32400	-4.529953e-08	6.0427637	-0.14479806	-4.6850247	12.214129	0.081718355	0.89166665	13.0	948.580971956253
54	-7.672755	2.9160283	-3.7262528	-14.6255245	59.6	-4.3432484	2.1465142	1.1329567	-16.932669	33000	7.549922e-09	7.222837	-0.16124183	-4.7372026	12.134929	0.057880968	0.99333334	79.0	966.0169856548309
55	-8.343066	3.7723296	-4.788443	-17.370844	62.666668	-4.0975547	2.5967875	1.5275722	-16.176498	33600	3.89417e-08	3.469787	-0.14040747	-2.8817139	12.311442	0.08555491	0.80333334	9.0	983.1996092796326
56	-8.618683	2.2874522	-4.9458776	-11.431029	68.625	-5.309037	3.7307792	1.0210044	-15.919462	34200	9.616216e-08	4.340112	-0.13221857	-3.7391925	12.238656	0.08929378	0.71666664	6.0	1000.6477055549622
57	-8.024336	1.7193142	-5.4349546	-11.629894	65.111115	-3.4135847	2.2563796	0.956949	-13.016875	34800	9.059906e-08	1.9639746	-0.12539098	-1.5891916	12.1531515	0.09814538	0.725	8.0	1017.8650085926056
58	-9.442742	3.3960786	-5.8763385	-16.157223	97.166664	-10.030981	4.307185	0.7295935	-20.045221	35400	-3.4968057e-08	3.9454818	-0.1397492	-3.6280317	12.247553	0.088046096	0.7966667	8.0	1036.0578043460846
59	-8.592263	1.8800808	-6.1918907	-11.476964	77.71429	-6.089488	4.275304	1.7628661	-16.280195	36000	-6.11941e-08	3.5345821	-0.12925595	-3.1112592	12.266622	0.084673	0.775	8.0	1053.587721824646
60	-8.75672	3.3682883	-4.6383867	-16.183407	73.0	-7.556407	5.5455594	1.5821903	-19.203089	36600	6.516775e-08	2.6270695	-0.13265105	-2.2416105	12.210301	0.09042477	0.7816667	6.0	1071.7125871181488
61	-8.189602	3.037153	-4.75834	-13.668122	69.875	-7.203047	5.736995	0.7440257	-19.176735	37200	1.4781952e-07	3.4094253	-0.14632654	-2.7961917	12.196754	0.08146521	0.905	18.0	1089.5042765140533
62	-7.989307	3.4103572	-4.6020536	-14.8052025	73.625	-9.426146	6.8125772	1.0985743	-22.332003	37800	-2.1060307e-08	2.538135	-0.14161691	-2.2634141	12.134784	0.08471458	0.84833336	10.0	1107.491950750351
63	-8.498084	1.4418124	-6.2844367	-11.132756	74.0	-2.8068335	1.6724185	0.67619264	-12.771786	38400	-2.928575e-07	3.1074393	-0.14333916	-2.7011673	12.146107	0.08253473	0.835	11.0	1124.683498620987
64	-8.731465	3.0202408	-3.492097	-11.895771	91.833336	-5.058931	4.319166	1.1416298	-15.270033	39000	3.091494e-07	3.3855293	-0.1402034	-2.644711	12.105188	0.07928117	0.8616667	13.0	1142.4185099601746
65	-8.712189	2.9421198	-5.480905	-14.674334	72.0	-6.6017065	4.947455	-0.31850243	-22.428852	39600	-3.0001004e-08	3.3068082	-0.14615314	-2.5114303	12.205682	0.08558309	0.86833334	14.0	1159.991847038269
66	-7.0758214	1.5395135	-4.5122256	-10.388435	54.18182	-3.5248852	2.1589475	0.20314598	-10.700353	40200	3.973643e-08	2.0006478	-0.1461637	-1.6093162	12.142185	0.08194584	0.87	14.0	1177.2548336982727
67	-8.06164	2.392294	-4.832544	-13.34562	60.88889	-3.081661	2.0691319	0.5790957	-14.976269	40800	6.437302e-08	2.0655274	-0.13372345	-1.7072196	12.326781	0.084133424	0.80333334	11.0	1194.3720276355743
68	-7.8474603	1.7276504	-4.9830503	-10.311981	62.555557	-3.4110913	1.9731103	0.5202242	-10.446161	41400	-3.1789146e-08	1.6355911	-0.1326462	-1.2184155	12.346862	0.08551457	0.78	8.0	1211.513701915741
69	-7.8271875	3.0672085	-4.266312	-14.168759	65.111115	-5.79817	5.299933	0.8919411	-17.839832	42000	-4.1325887e-08	1.9325317	-0.12559958	-1.5273057	12.221447	0.09266506	0.7366667	6.0	1229.2337625026703
70	-7.9227405	2.6406968	-4.364287	-12.595825	62.77778	-3.4449675	2.5104733	1.1226596	-12.478074	42600	2.3245812e-07	2.3693922	-0.13309628	-1.8452744	12.239059	0.08235928	0.79	10.0	1246.757469177246
71	-6.963291	1.5719491	-4.9735203	-9.8841	56.3	-3.0452464	2.0394769	1.767308	-9.88811	43200	9.695689e-08	1.6616284	-0.14001745	-1.2632957	12.187852	0.083050005	0.85333335	14.0	1264.1573269367218
72	-7.5932837	2.2638848	-3.5170884	-11.739048	65.111115	-4.414372	3.2256036	0.75789595	-14.738983	43800	-1.6411146e-07	2.7706747	-0.13598526	-2.0910814	12.274699	0.079393	0.8333333	13.0	1281.7741408348083
73	-7.1368237	2.4567702	-4.7696295	-11.592528	61.555557	-4.6555395	3.1641326	0.41010308	-14.14101	44400	-1.5894572e-09	2.754866	-0.13317353	-2.4091766	12.334782	0.08898544	0.81333333	10.0	1299.3367066383362
74	-7.802758	3.2331207	-5.166875	-15.218407	69.875	-6.373487	5.4057403	0.3868364	-19.278204	45000	2.1457672e-07	1.8116565	-0.13503794	-1.5827254	12.016558	0.08366613	0.8183333	11.0	1317.1164245605469
75	-7.6303225	3.4744473	-4.640443	-16.241554	57.8	-5.461341	5.179725	0.7683033	-19.35631	45600	1.2874604e-07	2.7308931	-0.13962996	-2.1910365	12.157473	0.08854357	0.8	10.0	1334.7774405479431
76	-9.928435	2.3781493	-6.9576535	-14.074407	75.71429	-7.8260098	5.779725	1.0385231	-18.587158	46200	-3.059705e-08	4.4061522	-0.1282837	-4.1117845	12.27971	0.08869673	0.77166665	8.0	1352.2222776412964
77	-7.688197	2.6178515	-4.4241056	-12.986294	58.9	-5.638425	5.052545	1.4102296	-20.892471	46800	-8.583069e-08	3.861521	-0.12977315	-3.6230397	12.149115	0.082614556	0.82	12.0	1369.7351422309875
78	-8.221299	2.6184077	-6.073602	-13.556654	75.57143	-4.2612042	3.8576822	0.66184807	-19.028286	47400	5.2452087e-08	6.608198	-0.11439458	-6.065555	12.188569	0.09679721	0.7	8.0	1387.2451322078705
79	-7.7308493	1.539314	-5.4451995	-10.100325	70.75	-6.585184	4.2830596	-0.0075292587	-17.479607	48000	-9.536743e-09	3.1394753	-0.12716961	-2.9099686	12.237399	0.082685545	0.775	9.0	1404.9423859119415
80	-9.513954	3.7514372	-5.235573	-17.430029	80.57143	-5.822552	5.7300944	0.5835377	-20.96909	48600	1.4781952e-07	3.2616525	-0.13723586	-2.645146	12.149144	0.07776865	0.8383333	13.0	1423.1528959274292
81	-9.813245	4.768293	-3.5762146	-19.583364	84.42857	-5.9377294	5.1574383	0.4946761	-19.353668	49200	-3.059705e-08	6.336815	-0.1224399	-5.5854163	12.079875	0.08873835	0.73333335	7.0	1440.8556370735168
82	-9.316397	2.6082716	-5.5578747	-13.5279	77.85714	-9.182463	6.9272847	0.211236	-20.820244	49800	9.377798e-08	1.4807605	-0.13515557	-1.173878	11.972113	0.08150856	0.8183333	11.0	1458.629148721695
83	-8.925517	3.129298	-4.803322	-13.445527	69.85714	-6.3857937	6.258631	0.4433992	-22.21819	50400	-9.775162e-08	4.499439	-0.13988242	-3.5045502	12.093993	0.0858772	0.78833336	9.0	1476.1064367294312
84	-6.840669	2.4115255	-4.2411194	-12.2372465	56.2	-6.6099935	5.38396	0.37701344	-21.902163	51000	-1.7166138e-07	3.6102328	-0.14555825	-3.1585755	12.125466	0.080844745	0.86333334	14.0	1493.7220211029053
85	-7.0642877	3.3116605	-3.4417188	-14.158111	57.4	-5.4467235	5.3060274	1.4116877	-19.852564	51600	1.11262e-08	2.7379618	-0.12824446	-2.2685552	12.054103	0.08395782	0.76166666	7.0	1511.228304386139
86	-8.059848	2.0745893	-6.2942805	-11.989483	81.28571	-6.1698136	5.061675	0.60018754	-17.684217	52200	1.5894572e-09	2.6034362	-0.13381398	-2.150529	11.982023	0.08684341	0.7783333	9.0	1529.206511259079
87	-7.0398436	2.4961767	-4.0632515	-12.675482	57.8	-5.041025	3.9338522	0.93565285	-18.506674	52800	-3.973643e-10	2.9048824	-0.14433976	-2.6461666	12.107588	0.08023958	0.8933333	14.0	1546.8790457248688
88	-9.44693	2.2335265	-7.717755	-14.625461	77.0	-5.224324	5.176451	0.80034375	-18.676493	53400	-5.4041546e-08	1.6116447	-0.1415496	-1.2556407	11.837264	0.08126794	0.86333334	13.0	1564.356641292572
89	-6.8567944	1.8090203	-4.82964	-10.72204	58.22222	-5.6867642	4.0658116	0.9741647	-18.175997	54000	-3.1789145e-09	1.8466223	-0.13733536	-1.6014116	12.054847	0.09346068	0.785	9.0	1582.1448950767517
90	-9.690023	2.834591	-4.2333655	-12.725432	82.57143	-7.032404	5.9309688	1.4641839	-20.268328	54600	1.7007191e-07	4.981872	-0.14392665	-4.043834	11.972842	0.0807987	0.8466667	12.0	1600.154453754425
91	-7.4202523	2.9993968	-3.8995166	-12.6463585	65.55556	-4.701246	2.3895707	-0.124724746	-12.803882	55200	1.3510386e-07	3.2812104	-0.14929442	-2.6390755	11.946045	0.079349644	0.9	19.0	1617.735036611557
92	-10.256088	5.026904	-4.334425	-19.59229	75.0	-7.82015	5.859246	0.9968034	-19.952026	55800	2.002716e-07	4.319873	-0.14669271	-3.4840305	12.091965	0.087450005	0.845	10.0	1635.3925304412842
93	-7.1454697	1.9119797	-4.793207	-11.969337	55.4	-3.6258647	2.0609567	2.117511	-12.413414	56400	4.1325887e-08	2.8246677	-0.14080207	-2.1386206	11.976349	0.08615287	0.81166667	9.0	1652.7208325862885
94	-6.1890106	1.5540569	-3.6711817	-8.347294	52.363636	-5.1172624	3.9921532	0.64811933	-15.2323475	57000	1.4146168e-07	1.9810126	-0.14066805	-1.791305	11.969051	0.08987441	0.8183333	9.0	1670.500388622284
95	-5.789068	1.4229851	-3.4036746	-8.204338	50.454544	-3.4899397	2.7518888	1.9091922	-18.197412	57600	-9.377798e-08	3.6795964	-0.12184159	-3.295751	11.807581	0.09118835	0.77666664	8.0	1688.1231708526611
96	-8.210296	2.8497636	-3.8516805	-12.644805	78.14286	-3.4169881	3.9258482	0.9740082	-18.144083	58200	-1.3828277e-07	4.798317	-0.14568755	-3.6938033	11.890236	0.07914695	0.87	17.0	1705.6201128959656
97	-7.4175534	2.9781475	-4.3099613	-14.358541	73.5	-5.424837	5.0416126	0.25929832	-18.483057	58800	1.9709269e-07	3.8817554	-0.14446898	-3.5498626	11.985497	0.07647582	0.94166666	34.0	1723.619542837143
98	-8.888144	2.9217243	-6.194565	-16.190765	74.75	-5.380222	4.8226943	1.0272803	-17.971178	59400	2.22524e-08	2.5838754	-0.15381432	-2.1156006	11.992026	0.081802554	0.8933333	16.0	1741.3506455421448
99	-7.343026	0.83033186	-6.1821713	-8.767259	57.88889	-3.3427062	1.8533263	0.35095584	-8.726478	60000	-2.113978e-07	1.4314182	-0.1596366	-1.1154847	11.820257	0.030529927	0.98333335	79.0	1758.7557156085968
100	-6.25057	1.5803722	-4.3942246	-9.659612	48.2	-4.700731	3.5343745	1.9629097	-14.431276	60600	2.6226044e-08	2.7962785	-0.13689332	-2.415944	11.849826	0.07965663	0.835	13.0	1776.6447396278381
101	-8.100417	1.9264821	-4.50248	-10.332591	86.166664	-6.5057244	4.513278	1.0291488	-18.683817	61200	3.973643e-09	2.1743636	-0.13981232	-1.8714571	11.958849	0.08432516	0.7733333	11.0	1794.8270497322083
102	-7.392495	2.504577	-3.7203457	-12.228675	57.5	-3.6771712	1.9288461	0.32174456	-9.92608	61800	7.947286e-10	2.207259	-0.14529005	-1.6344523	12.092198	0.07815752	0.83	13.0	1812.0194718837738
103	-7.6786795	1.6816908	-5.2778563	-11.231612	64.333336	-3.997778	2.112666	0.47828627	-13.653154	62400	0.0	2.0614579	-0.13820635	-1.5767324	12.030744	0.09058744	0.82	13.0	1829.4708318710327
104	-7.1222205	2.0947986	-4.8962564	-10.401262	57.444443	-4.760679	4.4430847	0.75891376	-16.819885	63000	-1.13248824e-07	2.213188	-0.15544121	-1.665582	12.130614	0.051727086	0.9866667	79.0	1847.1762173175812
105	-7.422285	2.2012844	-4.5254793	-12.053825	59.444443	-5.7894893	4.8758874	0.5980964	-17.047995	63600	2.0662944e-07	1.7583553	-0.12891586	-1.5712483	11.806214	0.0867332	0.7316667	8.0	1865.0226941108704
106	-9.081011	3.4637475	-4.995488	-14.978861	74.0	-4.5064583	4.000343	0.49701178	-16.43274	64200	-2.8610229e-08	8.0639715	-0.14193986	-6.372715	12.011056	0.085384704	0.8183333	10.0	1882.5930528640747
107	-8.359607	3.381011	-5.6824627	-16.740692	68.0	-6.2201877	3.7320426	0.14097428	-15.806059	64800	7.78834e-08	5.068719	-0.13121195	-4.67638	11.928033	0.08903207	0.83666664	9.0	1899.9722082614899
108	-7.0848956	1.3237252	-4.5564475	-8.567005	63.375	-5.107021	3.3927963	0.4021659	-12.038862	65400	-1.0450681e-07	1.5100557	-0.13902675	-1.3550823	11.846194	0.0872122	0.83166665	11.0	1917.7491202354431
109	-8.311754	3.3743196	-4.122561	-13.266665	70.25	-7.0504866	5.338101	0.44541442	-16.214466	66000	7.947286e-08	2.7167711	-0.1534985	-2.0297027	11.795571	0.079403736	0.945	21.0	1935.5816202163696
110	-6.755403	1.1211298	-5.2273407	-8.348012	57.6	-4.5054317	3.1149852	0.5523552	-12.718671	66600	1.11262e-08	1.9918591	-0.14357543	-1.7794521	11.737268	0.08675419	0.825	10.0	1953.730720281601
111	-10.959793	2.3322983	-7.800043	-14.145043	96.166664	-6.772398	5.220076	0.59718597	-18.65204	67200	-6.834666e-08	6.4044294	-0.15354042	-4.946329	11.874497	0.053645052	0.99333334	79.0	1971.7062990665436
112	-8.427661	2.2540143	-5.1904864	-12.374716	71.25	-8.478868	5.107324	-0.46215558	-16.72134	67800	1.9550323e-07	2.5203311	-0.14165603	-2.167073	11.723093	0.09621072	0.7733333	7.0	1989.4254894256592
113	-7.2440743	1.6894218	-5.0066667	-10.129232	59.88889	-3.1497808	1.9084098	0.413473	-8.715795	68400	4.688899e-08	1.3270627	-0.1382465	-0.93568027	11.916707	0.088869356	0.8066667	10.0	2006.7130558490753
114	-7.282779	1.9666804	-4.4207745	-11.76239	61.11111	-4.204149	2.6018794	0.35981095	-10.868173	69000	-1.1006991e-07	1.6308836	-0.14209315	-1.2599407	11.865622	0.08505272	0.8383333	11.0	2024.3899314403534
115	-9.094031	2.5559914	-6.0920053	-13.380552	77.57143	-7.6299033	5.532246	0.3155179	-16.489151	69600	1.9073486e-08	1.6161767	-0.1402032	-1.1608007	11.95807	0.081120305	0.84166664	11.0	2042.2036757469177
116	-8.100254	2.436858	-5.1520615	-11.651431	69.375	-5.4747715	4.8276653	0.4039986	-16.391747	70200	-1.7960866e-07	1.4878868	-0.14512047	-1.0420063	12.010763	0.07678294	0.915	22.0	2059.7879362106323
117	-7.4413886	3.2896445	-4.4227366	-14.817833	58.5	-7.745057	5.4945235	0.1960088	-17.76835	70800	-2.360344e-07	1.7096497	-0.12967643	-1.5170538	12.091467	0.090795234	0.7416667	7.0	2077.662005662918
118	-6.449812	1.7045125	-4.024671	-9.413846	52.545456	-2.294659	1.9738495	1.0826381	-12.441247	71400	-3.973643e-09	1.5965675	-0.135584	-1.3284703	11.849902	0.0807394	0.845	17.0	2095.184322834015
119	-6.5385284	1.9676648	-4.2653737	-10.8811	51.090908	-4.9676	3.4958408	0.16337907	-15.147014	72000	-5.8809917e-08	1.9492391	-0.13666488	-1.7351575	12.002557	0.09060923	0.81666666	9.0	2112.8162293434143
120	-7.9287906	2.549409	-4.2769413	-13.968998	62.11111	-3.4110308	3.2736304	4.5698195	-14.819232	72600	-2.0186107e-07	4.7192407	-0.14734477	-3.460168	11.783625	0.07647074	0.925	27.0	2130.6332099437714
121	-6.803722	2.533336	-4.4757857	-12.453443	53.545456	-3.7231612	1.6416163	0.27463198	-9.149827	73200	-1.303355e-07	2.8959522	-0.141761	-2.3027434	11.763617	0.08401731	0.81333333	10.0	2148.09468126297
122	-7.1803064	2.1787739	-4.6551795	-11.836358	55.6	-3.1333117	1.9175243	0.5940021	-9.124062	73800	-8.742015e-08	2.524006	-0.15613008	-1.8433737	11.622992	0.075299196	0.97	54.0	2165.4666924476624
123	-11.853798	4.980637	-5.59703	-18.185204	86.333336	-5.9284244	3.9511197	0.14510071	-16.419312	74400	6.755193e-08	8.017948	-0.13547008	-7.343309	11.61698	0.09323131	0.77666664	8.0	2182.993563890457
124	-7.11893	1.8801651	-4.5457487	-10.629395	55.2	-3.8033326	2.0537531	0.9707936	-9.78071	75000	-2.6146571e-07	2.0654078	-0.14772938	-1.7079349	11.64552	0.081485875	0.88666666	14.0	2200.245375394821
125	-5.821704	0.859237	-4.077215	-7.2015886	53.18182	-4.0208855	2.9484074	0.9963492	-13.448607	75600	1.14440915e-07	1.9189962	-0.14194413	-1.7234778	11.7531595	0.08922485	0.8283333	10.0	2218.0681302547455
126	-6.8908935	2.664936	-4.44125	-13.091705	57.22222	-6.12644	5.380554	0.8262453	-17.171253	76200	-1.9073486e-08	2.079799	-0.13888666	-1.8008391	11.728546	0.07709816	0.94166666	26.0	2235.951696872711
127	-8.274994	1.6928684	-5.7618923	-10.935274	64.0	-2.9784973	1.9903953	0.42022097	-10.803579	76800	8.265177e-08	2.217052	-0.14436032	-1.8112416	11.758234	0.085503906	0.86833334	12.0	2253.1111097335815
128	-9.499418	3.2452643	-6.6040063	-15.129537	72.375	-5.6391106	4.6373715	0.44765508	-18.876123	77400	3.973643e-09	6.394307	-0.15130395	-4.3282447	11.870533	0.050585352	0.9916667	79.0	2270.7091262340546
129	-6.944689	2.598821	-4.119674	-12.980783	52.18182	-4.4266844	2.5754857	0.11936009	-16.272446	78000	-1.0967255e-07	4.567878	-0.14787209	-3.730163	11.64068	0.07642551	0.9483333	31.0	2288.1983420848846
130	-9.132427	3.2825918	-5.8904734	-17.162743	73.75	-4.5150228	3.0841494	0.7420212	-16.207716	78600	-1.3073286e-07	2.6583593	-0.13178252	-2.1281748	11.806701	0.087220535	0.7783333	9.0	2305.9603157043457
131	-6.914724	1.4753695	-3.495598	-9.345316	59.7	-3.9035888	1.9417257	0.1627742	-15.259849	79200	1.6570091e-07	1.7240759	-0.121610105	-1.3657962	11.634211	0.08717897	0.7216667	7.0	2323.8337020874023
132	-6.752875	1.8464165	-4.493277	-11.744934	53.9	-2.893873	1.698399	0.5659919	-9.06927	79800	6.755193e-08	2.310765	-0.14488839	-1.600447	11.918975	0.07978138	0.895	19.0	2341.2846386432648
133	-7.2322855	2.4011137	-3.7641716	-12.728389	64.888885	-5.969894	4.420567	0.52143836	-16.24645	80400	2.638499e-07	1.3139305	-0.14486599	-1.0820037	11.570502	0.082672335	0.86	13.0	2359.166593313217
134	-6.590112	2.0690703	-4.18125	-12.11952	53.454544	-4.9651685	4.653282	1.0532918	-15.8745165	81000	-9.2188515e-08	1.4295341	-0.14234433	-1.1373924	11.617584	0.08562204	0.87833333	13.0	2376.621314048767
135	-7.1521792	2.6050425	-4.1304016	-12.445064	58.666668	-5.201102	4.8645844	0.7009611	-15.657893	81600	-5.4041546e-08	2.222813	-0.12919459	-1.4952526	11.7371	0.08137835	0.85833335	16.0	2394.2722375392914
136	-7.998339	2.5859177	-4.336754	-12.415837	63.0	-5.2295947	4.407322	0.47830963	-15.77754	82200	-1.4861425e-07	1.7209985	-0.14866056	-1.3128195	11.743402	0.08492852	0.88	14.0	2411.9166140556335
137	-7.8804045	1.5350602	-5.176846	-9.891965	68.0	-4.1963596	2.5247495	1.4211911	-11.351294	82800	1.748403e-07	1.642772	-0.13612834	-1.2781696	12.036633	0.09091821	0.77166665	9.0	2429.3807141780853
138	-8.133581	2.3844447	-5.8899617	-11.627618	60.25	-4.7285166	2.834091	0.16314721	-13.004761	83400	1.3669332e-07	2.347557	-0.14527081	-1.8241525	11.6687975	0.078635894	0.86833334	14.0	2446.8270769119263
139	-8.587115	3.2625556	-4.6476154	-14.722497	64.666664	-3.317013	1.9062103	1.0876522	-10.1037035	84000	8.424123e-08	3.3124814	-0.13389881	-2.4737978	11.791195	0.07911623	0.76166666	7.0	2463.975629091263
140	-6.645401	2.14635	-4.310923	-12.20579	49.666668	-4.0896335	2.3344314	0.2922417	-12.990466	84600	-5.5631002e-08	3.069318	-0.13920012	-2.8347707	11.70859	0.0864071	0.82	9.0	2481.7927577495575
141	-7.837905	3.2969785	-4.682309	-14.866721	63.77778	-3.966508	2.7891078	0.7439872	-13.890933	85200	-1.8119812e-07	7.0026464	-0.15035468	-4.850979	11.773308	0.0687617	0.99	79.0	2499.501583814621
142	-9.879579	5.272391	-4.552506	-22.377243	72.125	-6.434163	3.862974	0.46479082	-15.086879	85800	-1.557668e-07	3.8903706	-0.12789457	-3.2477312	11.673172	0.097960055	0.67833334	5.0	2516.7221310138702
143	-6.6303453	2.3712866	-3.7324579	-11.060509	52.545456	-3.3228443	2.1638281	1.1248673	-11.111661	86400	1.4305114e-08	2.4902613	-0.14335325	-1.8467813	11.526252	0.088039845	0.86	13.0	2534.2181820869446
144	-8.354978	2.0388517	-5.1699276	-11.3708935	63.125	-3.7253923	2.3404775	1.3467313	-13.80316	87000	-1.3828277e-07	2.611647	-0.13908386	-2.241507	11.583159	0.08317577	0.84166664	13.0	2551.656453847885
145	-8.973331	4.2385516	-4.274748	-18.233637	64.666664	-4.1078873	2.9434986	1.2124398	-15.309192	87600	2.4875004e-07	4.815932	-0.13130663	-3.7806833	11.555949	0.088045605	0.78	9.0	2568.7621932029724
146	-7.142446	2.184617	-4.1593447	-11.695577	57.7	-5.439741	4.1221128	0.23729694	-16.2071	88200	1.3987223e-07	2.3106322	-0.13698949	-1.9977797	11.757098	0.09073131	0.75	7.0	2586.390243291855
147	-6.666934	2.4628046	-4.57241	-12.74967	54.9	-2.7421045	1.8405635	1.2393944	-9.873573	88800	8.742015e-08	3.7016325	-0.13479702	-2.7653003	11.718593	0.086778946	0.8233333	10.0	2603.646518945694
148	-7.8295703	2.3088284	-6.3340497	-13.70523	72.0	-5.569293	3.2455022	0.45846903	-15.639609	89400	3.33786e-08	4.026287	-0.13366853	-3.6766555	11.535613	0.08978697	0.81	9.0	2621.3918595314026
149	-6.216585	2.2137191	-4.2065725	-11.851576	60.0	-4.837708	4.1415753	1.0994157	-16.169397	90000	-4.708767e-08	3.1021307	-0.1343993	-2.8467882	11.666264	0.08330554	0.845	13.0	2639.432850122452
150	-6.4911985	1.3892251	-4.097708	-8.536965	53.3	-2.8320496	1.8045512	0.95542455	-10.305654	90600	6.039937e-08	1.5627383	-0.13881938	-1.2067212	11.642489	0.08322116	0.8383333	12.0	2657.1436865329742
151	-7.0932474	3.5274284	-3.6567004	-14.771515	55.8	-4.430946	4.2146926	0.4947586	-16.214169	91200	-3.973643e-08	4.6879816	-0.14408225	-3.6606784	11.601273	0.08580611	0.85333335	12.0	2674.667852640152
152	-5.8287516	1.092777	-3.836254	-7.500664	44.76923	-3.687272	2.7501726	0.401834	-16.772049	91800	1.0808309e-07	2.2729638	-0.13080192	-2.03645	11.759236	0.09724831	0.77166665	8.0	2692.0527780056
153	-7.192022	1.3017752	-4.1954994	-8.356573	55.555557	-4.2628183	4.2681046	1.2384229	-16.39838	92400	1.8914541e-07	2.1112452	-0.1343139	-1.7769326	11.627402	0.08443167	0.76	9.0	2709.6290674209595
154	-6.457448	1.8181326	-4.607744	-10.147707	53.272728	-2.7143195	1.7992066	0.36458778	-8.714363	93000	-2.1457673e-08	1.5890359	-0.11578943	-1.059998	11.642041	0.076108865	0.7366667	6.0	2727.085769176483
155	-7.7400565	2.8433528	-3.9277642	-13.548308	64.44444	-5.082431	4.610471	0.07228482	-16.455656	93600	7.2320304e-08	2.1794035	-0.14701228	-1.5637261	11.470734	0.0790627	0.91	18.0	2744.797858476639
156	-7.2496567	2.7618842	-4.780348	-14.023296	59.1	-6.53335	4.6672697	-0.15428555	-18.432184	94200	-2.0662943e-08	2.2882295	-0.14069301	-1.9668007	11.553999	0.090462685	0.81666666	9.0	2762.6651451587677
157	-7.08956	2.8197584	-4.1832976	-14.63094	56.7	-4.98283	5.2068686	0.85821104	-19.006056	94800	1.8437703e-07	1.251795	-0.12964101	-0.96888757	11.680256	0.09958838	0.75	8.0	2780.2204904556274
158	-6.8933525	1.7298515	-4.63761	-9.823113	55.2	-3.8511376	4.0339518	0.35700953	-19.726479	95400	3.0199686e-08	1.7775277	-0.13212912	-1.3465716	11.684768	0.08358817	0.8333333	11.0	2797.5648210048676
159	-7.579713	2.3179116	-4.906881	-11.206882	73.0	-7.9436994	5.491092	0.19615805	-17.657452	96000	1.1523564e-07	1.7147992	-0.13909176	-1.4490736	11.566858	0.09036865	0.8283333	10.0	2815.7334504127502
160	-7.200307	1.4601151	-4.143989	-9.224957	70.25	-4.5863543	3.902743	0.047408342	-16.868408	96600	-1.001358e-07	1.3811572	-0.12323802	-1.079345	11.610731	0.08563542	0.6933333	7.0	2833.7637763023376
161	-6.3935695	2.335326	-4.427031	-12.804203	59.0	-5.4384	5.262329	0.25180006	-18.209368	97200	2.2967656e-07	1.4516613	-0.13641246	-1.2054603	11.463413	0.09472702	0.82166666	12.0	2851.6423258781433
162	-7.317254	2.9531465	-3.8203018	-13.0409565	66.44444	-7.0684333	5.8783674	0.046918273	-19.4694	97800	7.549922e-09	2.667882	-0.13864194	-2.407302	11.617415	0.07910151	0.9033333	20.0	2869.6352260112762
163	-6.68299	1.8430477	-3.7443535	-9.1836	68.5	-5.364017	3.643208	0.17018247	-13.511944	98400	6.516775e-08	1.4098886	-0.13073462	-1.2271627	11.5810795	0.08290526	0.76	9.0	2887.6267082691193
164	-5.7665615	1.5715711	-4.075618	-9.666189	48.272728	-2.8142803	2.3618886	0.8918234	-13.664434	99000	1.8835068e-07	2.2864928	-0.11670541	-1.7974926	11.773135	0.094255	0.7183333	7.0	2905.078373670578
165	-8.22626	3.8293815	-4.4105053	-14.555562	76.14286	-7.6041665	4.5996346	0.20695937	-17.35966	99600	-4.2915346e-08	5.138501	-0.14516836	-4.6399035	11.617469	0.082180016	0.905	17.0	2923.0784952640533
166	-6.2336087	1.4845449	-4.2086067	-8.861772	55.9	-4.7713547	3.564455	0.33871865	-14.5308075	100200	-1.9073486e-08	2.1111348	-0.12857433	-1.8151326	11.615904	0.0783069	0.73333335	8.0	2940.7754378318787
167	-7.4794703	3.1673472	-2.8030791	-14.2126255	65.111115	-5.0748353	4.899515	0.39161146	-15.57449	100800	-2.1616619e-07	2.7719033	-0.14925028	-1.9090383	11.44695	0.02147114	0.9766667	79.0	2958.610508918762
168	-7.1232595	1.8681843	-4.578325	-10.849459	62.333332	-5.5761766	4.571398	0.051959038	-15.228212	101400	3.8146972e-08	1.6687598	-0.14297572	-1.2476225	11.456614	0.082366936	0.8516667	12.0	2976.072371482849
169	-7.807268	2.808782	-4.001264	-11.867712	62.22222	-3.1640146	2.029108	0.46341872	-12.077837	102000	-4.7683715e-09	2.58365	-0.13668914	-1.8863498	11.7399025	0.08528864	0.8433333	15.0	2993.2719819545746
170	-8.243608	2.8025384	-5.1962175	-13.165114	83.42857	-8.058319	4.738469	-0.05663705	-16.34336	102600	-1.0967255e-07	1.4341367	-0.13085105	-1.2069143	11.510706	0.08563839	0.76	9.0	3011.8588304519653
171	-9.376033	4.3297596	-5.8115554	-19.507608	72.25	-4.55265	3.45983	-0.013781786	-16.330805	103200	-9.536743e-08	9.153479	-0.12370789	-8.467261	11.53274	0.087385684	0.725	7.0	3029.06476187706
172	-6.6498575	1.6262053	-4.016423	-9.276466	55.0	-2.773775	2.1584537	1.1712952	-11.756117	103800	-1.7960866e-07	1.9805375	-0.13785118	-1.5031515	11.403561	0.089278236	0.85333335	13.0	3046.3493478298187
173	-6.7056336	1.4036076	-4.397337	-8.683488	62.375	-6.185495	4.3933105	0.011605382	-17.993765	104400	3.0199686e-08	1.6982849	-0.13565868	-1.4798864	11.450344	0.0887375	0.78833336	12.0	3064.455455303192
174	-6.936306	3.092366	-3.5424864	-14.941815	55.4	-5.4308147	5.389486	0.48979485	-19.127758	105000	4.053116e-08	1.96928	-0.124920145	-1.5845003	11.256723	0.09246713	0.74666667	6.0	3082.1860547065735
175	-7.2059846	2.281392	-4.17651	-11.800894	58.3	-3.2048683	2.791196	0.50672805	-15.165792	105600	1.2715658e-08	3.0840003	-0.10896526	-2.6356788	11.354191	0.09857376	0.7216667	6.0	3099.5772988796234
176	-7.7782984	3.5264778	-3.2384107	-15.930619	65.22222	-8.028406	6.4722524	0.7076583	-19.660091	106200	4.7683717e-08	2.3811107	-0.11264381	-2.0609899	11.509832	0.08591646	0.8	11.0	3117.310142993927
177	-6.6406693	2.3004112	-4.319901	-12.580997	56.7	-5.2995987	5.3908796	0.9281366	-17.035446	106800	5.086263e-08	0.8857668	-0.13227938	-0.66482073	11.479117	0.09095199	0.805	10.0	3134.9874436855316
178	-7.7493496	3.579861	-4.2105184	-15.532474	74.0	-5.731529	4.5580034	0.46307468	-18.92974	107400	4.7683715e-09	3.9417858	-0.10960038	-3.4402742	11.467018	0.090922736	0.62	6.0	3153.0697333812714
179	-6.086564	1.293512	-4.1512294	-7.8977137	71.28571	-4.246081	3.2281272	-0.24086797	-13.088094	108000	4.6094257e-08	2.1573372	-0.13406113	-1.7195066	11.3188505	0.08537076	0.8283333	14.0	3171.349096059799
180	-8.659684	3.619015	-4.5387473	-15.554632	83.57143	-8.266562	4.6845446	-0.23940241	-17.547028	108600	-1.9073487e-07	4.1854825	-0.14518748	-3.545685	11.489044	0.08767253	0.86333334	9.0	3190.1995210647583
181	-6.4218516	1.5511385	-2.6031284	-8.01407	58.666668	-5.053531	3.2096214	0.11004734	-12.254322	109200	7.947286e-10	1.5439962	-0.1381935	-1.2534527	11.459385	0.08191142	0.8016667	10.0	3208.010920524597
182	-7.496192	1.3865577	-6.2859764	-10.647448	68.25	-4.1436977	2.80431	0.15698957	-10.66295	109800	-2.9007595e-08	1.729578	-0.15285031	-1.1932101	11.5037775	0.07609638	0.93833333	23.0	3225.675833463669
183	-7.1468115	1.2430048	-5.079295	-8.593086	65.888885	-3.2925978	1.8911608	0.03459263	-12.4306965	110400	-3.33786e-08	1.9793344	-0.13138612	-1.4172158	11.4123335	0.08862281	0.82166666	12.0	3243.38835477829
184	-7.235567	2.579446	-4.43384	-13.347411	66.0	-6.3443546	4.5167294	0.32076204	-16.054724	111000	-1.0331472e-07	1.5746187	-0.13450664	-1.2897683	11.325716	0.0867847	0.725	7.0	3261.2917370796204
185	-7.3605566	2.8008213	-4.6137753	-13.919938	64.22222	-5.2049937	5.1903176	0.48390007	-17.763596	111600	-1.5417734e-07	1.873632	-0.1378638	-1.1980639	11.363931	0.08053233	0.805	10.0	3279.180521249771
186	-6.576361	1.3533552	-3.9209406	-8.320555	52.636364	-3.1672733	1.87342	0.48864853	-10.498113	112200	-8.265177e-08	1.5755363	-0.1276394	-1.3188784	11.388838	0.08416672	0.78333336	11.0	3296.682366847992
187	-6.8323307	1.5045006	-4.503736	-9.143072	62.22222	-3.5212991	2.592941	0.09633565	-10.278074	112800	5.4836274e-08	1.2971097	-0.14077236	-0.94179046	11.3589	0.08099346	0.87333333	16.0	3314.409324645996
188	-7.477093	0.933769	-6.4208317	-9.324292	78.0	-5.1088176	4.0185	-0.072051644	-17.155298	113400	1.303355e-07	2.9325037	-0.12568076	-2.5861332	11.5037	0.07924224	0.76	10.0	3332.5426342487335
189	-7.160249	3.5158095	-4.508198	-17.370527	55.6	-4.3385406	2.8919954	0.022094607	-15.617838	114000	-5.642573e-08	4.207309	-0.119467944	-3.673028	11.445617	0.08651372	0.78833336	12.0	3349.8809192180634
190	-7.7777224	1.774394	-5.5908866	-10.917715	70.625	-2.9352255	2.683368	0.26618445	-15.496805	114600	1.1920929e-08	2.0783813	-0.11366712	-1.6247475	11.3227625	0.08196279	0.7183333	7.0	3367.7872598171234
191	-7.285782	3.2776227	-4.360215	-15.949037	65.22222	-6.3084044	4.635243	0.071425915	-18.154758	115200	-7.78834e-08	2.936623	-0.12240363	-2.6058767	11.361377	0.09056483	0.72333336	8.0	3385.7588624954224
192	-5.423637	1.1127034	-3.838361	-7.393511	51.81818	-2.9529366	1.9493532	0.7030916	-14.451033	115800	-1.1603038e-07	1.4607904	-0.11952541	-1.145653	11.381855	0.090339944	0.7866667	9.0	3403.6460807323456
193	-6.946384	1.6271738	-4.7557373	-8.761631	81.833336	-3.8391805	2.292641	-0.012707472	-11.660316	116400	4.6094257e-08	2.91934	-0.13633884	-2.3474834	11.196329	0.094179936	0.8183333	10.0	3421.696593761444
194	-7.002374	2.9249287	-4.405048	-14.464238	61.88889	-4.2593327	2.5624964	-0.6660038	-16.415836	117000	-1.223882e-07	3.2026374	-0.13116443	-2.7490366	11.43256	0.08580722	0.80833334	13.0	3439.2144844532013
195	-7.090091	3.3371208	-3.872018	-15.258085	57.666668	-6.309888	5.292161	-0.080669045	-17.918098	117600	-3.1789145e-09	3.0167322	-0.123093694	-2.543886	11.374297	0.08016495	0.84	15.0	3457.055923938751
196	-6.5275087	1.940229	-4.436509	-11.367244	56.3	-4.0709243	2.8068357	0.18408084	-13.394342	118200	1.1841456e-07	1.1599557	-0.13040107	-0.9231904	11.261678	0.079796664	0.83166665	13.0	3474.655779838562
197	-6.3657665	1.0188563	-5.0583463	-8.284556	82.666664	-7.2468424	4.9250817	-0.04933417	-16.986292	118800	0.0	1.7678099	-0.13091156	-1.5153533	11.488068	0.09326854	0.7366667	8.0	3493.1249673366547
198	-6.540129	2.4968672	-3.9037135	-11.155194	54.7	-4.035612	3.1459568	0.11988306	-15.012226	119400	-2.539158e-07	1.5051239	-0.13684867	-1.2350228	11.377517	0.078251	0.8566667	16.0	3510.685526371002
199	-5.9690676	1.5509412	-4.0153494	-8.889449	51.272728	-2.6284766	1.6337699	0.2859906	-7.599698	120000	1.8517176e-07	0.9875513	-0.12712105	-0.664591	11.155708	0.07814839	0.76	10.0	3528.783810377121
