Epoch	AverageEpRet	StdEpRet	MaxEpRet	MinEpRet	EpLen	AverageVVals	StdVVals	MaxVVals	MinVVals	TotalEnvInteracts	LossPi	LossV	DeltaLossPi	DeltaLossV	Entropy	KL	ClipFrac	StopIter	Time
0	-173.2462	29.018402	-134.8399	-237.48131	60.0	-82.71654	38.385147	-15.139799	-178.21141	600	4.3710074e-08	791.60114	-0.10178835	-472.03964	7.5409026	0.035993002	0.595	1.0	24.2743718624115
1	-164.3277	26.440239	-114.031044	-208.22708	60.0	-70.07304	40.965603	1.8251786	-172.795	1200	3.973643e-08	690.8971	-0.10223085	-359.3052	7.7371793	0.048218306	0.57	2.0	47.88215231895447
2	-159.44754	18.70058	-132.46071	-187.27946	60.0	-69.49242	39.528015	-11.430716	-168.01945	1800	-7.947286e-08	469.5414	-0.092921756	-250.65045	7.460975	0.038470894	0.49666667	2.0	71.72227430343628
3	-151.55125	19.63507	-110.75039	-194.29033	60.0	-67.22261	40.607613	-10.993324	-173.49593	2400	-2.0662943e-08	287.32513	-0.096348	-183.00656	7.5974803	0.041999105	0.6116667	3.0	95.70637512207031
4	-173.77115	19.91927	-143.24936	-211.13277	60.0	-69.98927	35.783573	-6.3276405	-184.90556	3000	2.2888183e-07	568.4028	-0.07518658	-342.53973	7.520537	0.036957487	0.41833332	2.0	119.09507417678833
5	-186.11508	48.76076	-131.30008	-310.80975	60.0	-72.953545	42.0584	-2.7161303	-163.261	3600	-9.417534e-08	1136.4292	-0.10001543	-675.0759	7.5721955	0.029726934	0.60833335	4.0	142.6296362876892
6	-178.69415	19.319786	-146.2368	-209.7778	60.0	-79.663155	42.301533	10.048599	-184.9479	4200	-3.9418538e-07	820.80035	-0.10764345	-495.74545	7.6464972	0.03892706	0.55	4.0	167.54555106163025
7	-141.34859	42.550335	-67.73781	-195.4874	60.0	-69.170395	42.908794	-9.226921	-172.83253	4800	2.7020773e-08	536.86646	-0.07803427	-389.77396	7.642098	0.031032167	0.40666667	2.0	192.77786016464233
8	-154.66843	37.751625	-58.34731	-214.38472	60.0	-65.14429	42.592983	-4.8213024	-179.82356	5400	-4.895528e-07	364.81915	-0.088138856	-228.73082	7.7193637	0.033886302	0.47666666	3.0	218.87134790420532
9	-152.97726	23.881811	-110.26363	-183.44684	60.0	-62.551674	40.81524	-1.0210056	-185.89133	6000	-6.9936114e-08	439.59042	-0.10640769	-276.47986	7.662412	0.020773634	0.57166666	4.0	245.2929699420929
10	-174.93747	28.814154	-141.66576	-252.78229	60.0	-67.321724	41.140766	-0.8866191	-170.19124	6600	-2.5431316e-08	541.0215	-0.083045736	-302.62076	7.5788116	0.03220466	0.5466667	3.0	270.8395285606384
11	-155.26729	32.322464	-66.37955	-187.65518	60.0	-67.130035	37.089554	31.927002	-168.201	7200	8.16981e-07	923.70624	-0.10449707	-532.09576	7.693781	0.025604362	0.5366667	4.0	296.72419023513794
12	-156.9964	21.184057	-133.107	-199.41676	60.0	-76.400764	40.392746	-10.512921	-176.81068	7800	7.311503e-08	561.2302	-0.09315432	-376.43564	7.684178	0.024560897	0.435	3.0	321.8563132286072
13	-165.45532	10.546865	-141.43256	-183.44008	60.0	-67.947174	40.172268	-4.4944954	-171.88359	8400	-1.15633014e-07	364.8402	-0.085361	-207.18088	7.3732634	0.033516236	0.505	3.0	346.08238887786865
14	-141.98996	33.75586	-77.72056	-185.75684	60.0	-61.79918	39.503197	3.3204713	-178.70142	9000	1.9232432e-07	387.85007	-0.114982456	-233.28561	7.485455	0.025454989	0.6533333	7.0	371.14042711257935
15	-175.81027	22.07756	-139.99184	-206.86258	60.0	-69.73498	40.265495	-14.059294	-166.51863	9600	1.4146168e-07	480.45187	-0.109384134	-311.8664	7.4536815	0.02785294	0.5933333	5.0	394.7575595378876
16	-165.0405	17.956442	-136.40508	-201.58086	60.0	-70.56958	40.82914	-5.0291595	-166.4086	10200	3.572305e-07	375.58417	-0.078576766	-219.2845	7.5470786	0.03256862	0.40833333	2.0	419.01053166389465
17	-144.33939	43.035084	-73.95089	-186.69075	60.0	-57.69366	39.086082	-5.206302	-162.89554	10800	3.9309262e-07	357.7406	-0.076336056	-222.13477	7.4312053	0.035664525	0.5	3.0	443.9041397571564
18	-154.50629	27.908989	-79.07724	-177.72227	60.0	-69.24344	42.5372	-5.325784	-152.87523	11400	-8.980433e-08	463.1003	-0.07548082	-298.12115	7.712133	0.039666392	0.41666666	2.0	468.7585504055023
19	-145.60445	40.621788	-70.29981	-196.2474	60.0	-54.317184	36.91738	-5.1825366	-158.2961	12000	8.583069e-08	329.28043	-0.07029645	-191.4443	7.48973	0.034248147	0.47833332	2.0	494.7163276672363
20	-155.33636	31.38495	-74.63378	-193.92905	60.0	-70.00678	40.835285	-7.7919397	-197.36581	12600	1.5497207e-07	582.43756	-0.08498627	-390.62405	7.701797	0.030763537	0.57	3.0	520.6659848690033
21	-123.112015	36.732628	-68.84152	-183.61957	60.0	-56.963047	37.933952	-5.1703486	-172.48636	13200	-4.3551128e-07	451.21796	-0.06446689	-276.56955	7.7253776	0.03728442	0.44333333	2.0	546.3651330471039
22	-179.40878	37.03592	-147.3606	-276.8762	60.0	-62.424927	34.703278	-3.7631998	-164.12915	13800	1.947085e-07	1478.8708	-0.06679059	-944.1292	7.6240463	0.033073563	0.42833334	2.0	570.8291466236115
23	-166.99217	15.4170265	-133.21893	-196.31679	60.0	-80.019356	43.06484	-5.3095174	-190.74602	14400	-1.7722448e-07	521.1299	-0.07219941	-371.40808	7.539635	0.051454317	0.48333332	2.0	594.9057171344757
24	-159.63608	14.329872	-137.3825	-188.13806	60.0	-78.274025	43.754208	-4.6486015	-164.75378	15000	7.152558e-08	534.29315	-0.06314018	-393.146	7.5879273	0.046525132	0.41	2.0	619.6673555374146
25	-170.06242	21.735317	-150.48538	-219.09402	60.0	-63.98493	38.557957	3.3185406	-157.69533	15600	-2.60671e-07	554.96643	-0.08668928	-358.9933	7.488011	0.030688299	0.54	3.0	643.9296886920929
26	-172.86693	26.472813	-128.22731	-217.51007	60.0	-69.672424	40.169674	-7.2805367	-157.8268	16200	-7.828077e-08	675.6284	-0.10205487	-385.1333	7.6160936	0.030175136	0.59166664	4.0	667.9280257225037
27	-182.41919	19.409979	-146.632	-209.27988	60.0	-74.993904	44.803757	-4.683545	-176.22865	16800	3.7988028e-07	614.34094	-0.084577456	-346.85614	7.622621	0.02416284	0.47833332	3.0	692.5226063728333
28	-127.98059	34.153217	-80.33295	-195.54971	60.0	-64.49134	38.35784	0.8206177	-167.50093	17400	-2.1378199e-07	808.16595	-0.09919118	-526.98145	7.423312	0.03183068	0.615	4.0	718.1073698997498
29	-152.04655	33.249104	-63.68913	-195.41634	60.0	-65.27312	35.149517	0.05945015	-156.52325	18000	1.2715658e-08	350.90015	-0.07259238	-230.81322	7.6105013	0.029098988	0.38666666	2.0	742.6970188617706
30	-156.05374	31.149015	-97.27152	-197.35765	60.0	-62.59599	39.46981	3.0588307	-160.19635	18600	-3.33786e-07	449.43536	-0.07285456	-268.50616	7.621361	0.037455037	0.48	2.0	767.6129717826843
31	-161.49905	14.946265	-139.85123	-182.12706	60.0	-74.966705	37.767986	-6.768836	-170.57852	19200	-8.742015e-08	458.06766	-0.09080669	-287.06082	7.485887	0.034252644	0.53333336	4.0	791.4401044845581
32	-165.32385	16.740002	-144.29672	-189.58102	60.0	-62.97522	40.42211	1.6076169	-155.29688	19800	-2.9087067e-07	435.61942	-0.10110647	-274.35135	7.577819	0.035498414	0.55333334	4.0	815.9822905063629
33	-162.6623	35.371258	-70.93776	-210.77965	60.0	-65.113655	40.514206	-0.7775912	-165.74118	20400	-2.9563904e-07	407.3916	-0.08243685	-236.39812	7.6884212	0.027035872	0.48333332	3.0	840.6316711902618
34	-164.39766	20.27654	-131.0984	-203.28322	60.0	-68.87871	41.74567	-5.2108817	-163.51906	21000	8.980433e-08	442.21335	-0.0855567	-245.06789	7.600054	0.027394475	0.5566667	3.0	864.7878985404968
35	-154.7369	26.334215	-96.045685	-193.87614	60.0	-70.55045	39.12857	-10.620859	-170.23703	21600	-1.4146168e-07	430.77295	-0.08475356	-273.63873	7.3890862	0.03739624	0.48833334	3.0	888.9473016262054
36	-157.40195	28.079477	-78.53901	-185.48363	60.0	-60.468502	37.788307	-4.826241	-157.94603	22200	-1.0212263e-07	396.1795	-0.08517223	-270.4893	7.5696597	0.033969752	0.47833332	3.0	913.8039581775665
37	-172.18945	18.063473	-145.89792	-209.46472	60.0	-72.82087	40.416817	-9.136266	-162.40527	22800	6.67572e-08	351.7034	-0.0855157	-214.78992	7.5097313	0.037575375	0.425	3.0	937.4047825336456
38	-159.77658	32.2313	-81.55939	-203.88895	60.0	-67.627075	42.928337	-6.5277596	-176.42096	23400	-1.6212464e-07	435.5029	-0.08285968	-260.7823	7.473187	0.020148778	0.50666666	3.0	961.604344367981
39	-178.86191	31.314613	-136.47652	-238.78815	60.0	-75.125496	36.77609	-9.960637	-172.20111	24000	-1.7454227e-07	939.92645	-0.07351725	-536.2832	7.682715	0.029792497	0.41	2.0	985.495537519455
40	-154.93086	28.71177	-78.16949	-177.79137	60.0	-67.666985	41.494053	2.7428207	-178.51402	24600	-2.6782354e-07	638.84814	-0.087773904	-401.45508	7.618748	0.046430238	0.49333334	3.0	1010.4361925125122
41	-168.21738	26.60559	-114.89321	-220.9078	60.0	-71.05606	37.53813	0.1342969	-169.96544	25200	-1.2079875e-07	657.07544	-0.08567528	-394.58173	7.4820247	0.032605737	0.42166665	2.0	1034.6111772060394
42	-169.55672	20.709547	-135.5556	-203.77823	60.0	-73.34979	41.120426	-6.394286	-166.99734	25800	5.2452087e-08	346.564	-0.081872284	-199.75739	7.5177865	0.03449306	0.49	3.0	1058.3005652427673
43	-156.38608	16.16259	-116.06912	-179.98267	60.0	-67.972946	40.14203	5.874472	-176.98227	26400	-1.1006991e-07	376.95605	-0.08393191	-217.5422	7.268938	0.041424133	0.58166665	3.0	1082.507644891739
44	-169.89084	36.819572	-84.094284	-237.63632	60.0	-67.01134	40.392048	-7.4963202	-176.2463	27000	-5.4836274e-08	582.3441	-0.07776674	-332.0037	7.497823	0.029736137	0.40666667	2.0	1106.873348236084
45	-155.67258	16.13825	-121.26728	-176.43744	60.0	-70.965744	43.477207	-8.160258	-177.78047	27600	1.1603038e-07	422.06116	-0.07884148	-272.71606	7.398919	0.028465906	0.48666668	3.0	1131.0966084003448
46	-165.42796	13.623878	-136.97968	-186.24155	60.0	-69.26991	41.39405	-2.9430587	-169.94887	28200	1.6093254e-07	352.4999	-0.082727954	-188.37848	7.487181	0.039905492	0.59	3.0	1155.0270671844482
47	-168.7055	23.466845	-115.91573	-198.89018	60.0	-63.360607	38.909435	-11.3824005	-160.37914	28800	-1.2874604e-07	523.4278	-0.09093683	-294.56616	7.439484	0.042069074	0.50666666	3.0	1179.7888450622559
48	-157.69398	31.295298	-94.244865	-212.42981	60.0	-71.87222	35.75379	-12.84487	-156.46605	29400	1.792113e-07	725.01	-0.0599863	-486.57812	7.533881	0.023683779	0.39333335	2.0	1204.5561447143555
49	-162.0394	26.625668	-120.05064	-205.98978	60.0	-65.27082	37.907986	0.84108543	-172.72235	30000	4.6094257e-08	577.723	-0.09315376	-338.04776	7.4707756	0.038637664	0.53333336	3.0	1229.6953146457672
50	-187.46588	31.040998	-159.08408	-267.84738	60.0	-72.97396	39.93019	-2.0668054	-179.25851	30600	-3.3219655e-07	1010.9375	-0.07493369	-455.04865	7.529463	0.022290755	0.47833332	3.0	1254.1841175556183
51	-160.49467	35.166462	-66.61263	-197.06862	60.0	-77.741684	42.31241	-14.9975195	-166.87077	31200	2.1855037e-08	581.82874	-0.08272206	-390.21262	7.6303144	0.034456465	0.49	3.0	1278.7778244018555
52	-173.4357	28.727762	-136.11568	-237.93199	60.0	-78.70803	42.11805	-5.425417	-174.0851	31800	-3.194809e-07	736.9586	-0.08301942	-465.41455	7.517408	0.027118873	0.44	3.0	1302.8716311454773
53	-175.97519	33.474754	-114.94223	-232.95395	60.0	-68.76255	40.389244	-4.4685225	-165.8161	32400	-7.390976e-08	731.63116	-0.07521524	-439.51123	7.5026107	0.027518323	0.435	2.0	1326.8824310302734
54	-162.79935	20.537672	-126.310875	-198.09828	60.0	-79.06812	42.943787	-14.033156	-179.82013	33000	-3.830592e-07	513.2823	-0.0822349	-327.9969	7.421849	0.041202076	0.56	3.0	1350.5699207782745
55	-139.56853	41.63235	-62.780464	-193.31967	60.0	-57.178215	38.147186	-3.904008	-181.45982	33600	3.6478042e-07	558.5535	-0.07720137	-331.2179	7.605594	0.033379972	0.41166666	2.0	1375.75670170784
56	-147.57596	35.587135	-71.84875	-197.67107	60.0	-64.407646	43.465187	-11.629385	-173.25171	34200	-2.3841857e-09	444.78156	-0.076994926	-250.27388	7.5361376	0.033766452	0.5133333	3.0	1400.497192144394
57	-164.3107	44.474808	-75.68386	-221.16568	60.0	-67.86589	41.565395	-4.7098327	-173.65718	34800	-2.1775564e-07	643.8128	-0.10239049	-323.76407	7.4545817	0.027767284	0.62	5.0	1425.003233909607
58	-146.44344	37.25162	-71.964226	-182.50166	60.0	-60.79026	39.093864	-8.940255	-165.2539	35400	-4.45048e-08	361.1704	-0.07820568	-208.4088	7.553592	0.03296344	0.5	3.0	1450.2732944488525
59	-177.14131	28.039553	-124.35344	-212.18593	60.0	-72.978195	41.866386	-0.53278255	-168.59898	36000	-1.7881393e-07	479.442	-0.099955164	-273.24536	7.575039	0.033374995	0.52666664	4.0	1474.9812846183777
60	-165.09694	21.379234	-126.73282	-199.6361	60.0	-74.68598	43.711617	-5.0183153	-168.62297	36600	1.2715658e-08	517.0772	-0.09437606	-355.9759	7.513178	0.026263542	0.55	4.0	1499.6287534236908
61	-161.38054	32.087006	-84.70185	-189.98955	60.0	-68.22325	36.99742	-8.315733	-173.47758	37200	-3.2583873e-08	466.28064	-0.08656505	-311.45782	7.497827	0.03159267	0.565	3.0	1523.6471722126007
62	-174.79045	20.607332	-142.68774	-217.37225	60.0	-69.201416	42.870052	-3.6948571	-179.63193	37800	2.4875004e-07	466.98093	-0.08590448	-259.31354	7.4514	0.027663145	0.49	3.0	1547.4034264087677
63	-181.14429	30.27281	-144.42715	-233.17682	60.0	-68.72203	44.72608	-1.0888	-169.72133	38400	4.072984e-08	690.17114	-0.07293194	-400.2979	7.4641433	0.036625132	0.45166665	2.0	1571.4896879196167
64	-155.98122	32.003918	-77.198395	-212.4581	60.0	-80.39326	44.8907	-17.038187	-179.57323	39000	-3.284216e-07	564.7173	-0.07768915	-430.83698	7.4254303	0.03212153	0.52666664	3.0	1595.7319631576538
65	-172.54312	25.517336	-112.756355	-210.57317	60.0	-71.85738	40.156624	-0.4102373	-166.76077	39600	-4.053116e-08	456.18652	-0.10568513	-280.84735	7.521905	0.033656042	0.6333333	5.0	1619.70068192482
66	-166.7484	24.34077	-118.52859	-206.09608	60.0	-65.67954	44.98325	15.409462	-159.94878	40200	1.0172526e-07	438.57562	-0.07497427	-285.19653	7.452325	0.036405206	0.34166667	2.0	1643.6103873252869
67	-186.07986	30.048822	-143.11958	-236.80539	60.0	-78.8534	39.095646	-4.9102674	-187.93446	40800	-8.583069e-08	596.0845	-0.0880732	-382.8272	7.645281	0.038222756	0.5366667	3.0	1667.0814456939697
68	-169.16748	18.535488	-141.20634	-210.43124	60.0	-76.37786	48.159046	-7.4948406	-173.76741	41400	-3.1789146e-08	382.25223	-0.1079548	-237.42896	7.672057	0.025917264	0.5966667	5.0	1690.9719364643097
69	-160.8642	35.549812	-117.02528	-253.76195	60.0	-66.022705	41.784363	-6.1961274	-166.66313	42000	3.639857e-07	814.6331	-0.07938306	-452.118	7.550353	0.037012022	0.5883333	3.0	1715.1792559623718
70	-159.54776	33.01541	-70.96024	-197.52708	60.0	-66.92219	39.67256	-11.096858	-174.25072	42600	-1.2556711e-07	341.76498	-0.08065512	-196.20093	7.570004	0.027386138	0.52166665	3.0	1739.920294046402
71	-153.08406	36.454456	-63.27871	-197.24417	60.0	-72.57588	42.08189	3.7890978	-177.30907	43200	-2.7974446e-07	515.8291	-0.08170908	-323.76202	7.52355	0.04275917	0.53333336	3.0	1764.2781348228455
72	-161.55368	55.505283	-72.450905	-272.6415	60.0	-65.130104	37.961773	-2.6735015	-168.76193	43800	-1.4305115e-07	831.2186	-0.087985314	-458.03064	7.6066074	0.036154237	0.485	3.0	1789.0879843235016
73	-170.08101	13.7203245	-148.42813	-191.69101	60.0	-72.8222	42.026203	-1.0320568	-166.51988	44400	1.5894573e-08	564.2302	-0.09226859	-363.14093	7.6612525	0.02393276	0.47333333	3.0	1812.9305436611176
74	-148.30785	18.751255	-107.6162	-170.6774	60.0	-64.12911	38.674774	3.63629	-166.63583	45000	-2.1497408e-07	315.58972	-0.08225766	-161.50412	7.344637	0.039846167	0.52	3.0	1837.300193309784
75	-153.92378	38.390816	-63.075752	-201.44028	60.0	-61.17897	40.26223	-7.5806518	-166.775	45600	-2.1457672e-07	377.72275	-0.07925194	-213.84657	7.4923463	0.030213026	0.44666666	3.0	1862.3660485744476
76	-161.39308	28.694191	-81.39409	-195.40125	60.0	-70.14177	38.965878	-12.976803	-157.20393	46200	-4.6094257e-08	687.7264	-0.06947806	-341.3155	7.629484	0.03356117	0.31166667	2.0	1886.5963068008423
77	-140.7591	38.76833	-76.50305	-186.93646	60.0	-63.013958	39.131695	-11.672323	-172.76414	46800	-2.6226044e-07	393.3696	-0.0704158	-226.33664	7.5155907	0.034738757	0.44666666	2.0	1911.7355811595917
78	-162.65091	14.198992	-136.8988	-186.9939	60.0	-70.466835	39.96781	-12.898455	-185.15717	47400	-4.1484833e-07	466.75522	-0.07672832	-247.76514	7.577237	0.03785824	0.43333334	3.0	1935.550785779953
79	-161.08485	36.813618	-69.14319	-217.05498	60.0	-65.799034	40.380894	-10.569149	-158.43683	48000	8.90096e-08	450.4998	-0.080039024	-246.55272	7.63237	0.034323964	0.525	3.0	1959.927357673645
80	-163.32458	25.324017	-113.435455	-198.17023	60.0	-67.83734	38.151302	6.116579	-157.73363	48600	2.7020773e-08	606.3311	-0.07440104	-341.00998	7.5486712	0.037987333	0.42666668	2.0	1984.2309534549713
81	-164.79802	45.881077	-86.19015	-238.7367	60.0	-60.703247	39.513763	-14.213469	-162.09636	49200	-1.680851e-07	625.69385	-0.08311341	-396.45114	7.482933	0.04637459	0.55833334	3.0	2008.8394210338593
82	-152.41028	39.082996	-59.134937	-223.32361	60.0	-77.45474	44.19052	-14.692856	-166.70718	49800	1.3152759e-07	622.10474	-0.06640122	-461.40942	7.3739786	0.03937737	0.42333335	2.0	2033.3586237430573
83	-169.035	27.629416	-108.110985	-218.03792	60.0	-66.041855	42.599785	-4.6177783	-162.76155	50400	5.7220458e-08	469.5438	-0.08920569	-281.57886	7.5005646	0.031501383	0.51	4.0	2057.5420758724213
84	-157.49184	20.149517	-116.971596	-184.36238	60.0	-73.773636	38.774284	-2.0680041	-163.85695	51000	-7.152558e-08	507.7489	-0.06652933	-310.53885	7.531221	0.0393788	0.40833333	2.0	2081.4343843460083
85	-161.29033	16.91327	-136.80904	-193.9697	60.0	-63.73709	40.87218	6.289478	-154.04726	51600	2.4716059e-07	475.1247	-0.07458768	-300.72614	7.467604	0.029874774	0.48166665	3.0	2105.1828536987305
86	-148.58109	46.851368	-62.941265	-211.74588	60.0	-63.762814	37.84558	-9.146342	-176.69972	52200	-1.0172526e-07	623.6849	-0.072214596	-313.60718	7.3951325	0.030716177	0.47666666	3.0	2130.268048286438
87	-175.39667	21.20356	-146.58122	-205.87646	60.0	-68.54482	39.993317	-4.1864104	-161.07466	52800	3.0199686e-07	453.895	-0.08681475	-290.33618	7.5266194	0.038309727	0.47833332	3.0	2154.1728072166443
88	-174.27934	21.101288	-146.17157	-214.40727	60.0	-76.13476	42.825554	-11.672916	-184.99802	53400	1.5099843e-07	425.21735	-0.06876398	-206.53575	7.257286	0.034060106	0.45	2.0	2178.0649161338806
89	-145.02821	19.7566	-103.69011	-175.34142	60.0	-69.323204	40.161335	-8.131224	-167.37035	54000	-6.7154566e-08	576.41675	-0.07813224	-361.0061	7.4893456	0.029985975	0.54333335	3.0	2202.526887655258
90	-179.10576	23.749434	-147.24626	-228.63336	60.0	-67.41911	38.453148	-9.853424	-163.87897	54600	-1.0967255e-07	543.1949	-0.07904948	-362.45447	7.423606	0.037027676	0.45666668	3.0	2226.7191033363342
91	-162.13924	33.914207	-77.769	-196.3156	60.0	-75.32654	40.30227	-14.098904	-172.84973	55200	1.5894572e-07	473.104	-0.08804952	-274.6207	7.4054885	0.024379898	0.5083333	4.0	2251.1836688518524
92	-142.79007	40.505985	-73.14446	-194.9495	60.0	-64.475586	42.04902	-12.194979	-163.5336	55800	2.2252401e-07	347.26294	-0.099567175	-225.89368	7.57132	0.02095728	0.60833335	5.0	2276.388989686966
93	-170.14923	12.55662	-147.19383	-194.08699	60.0	-67.77742	42.989506	5.6388617	-162.89821	56400	-4.1643779e-07	361.051	-0.08911745	-204.56644	7.463325	0.031807628	0.5883333	4.0	2301.0720715522766
94	-158.5574	10.571917	-144.0336	-175.02577	60.0	-71.63687	41.05774	-12.505791	-170.51595	57000	3.830592e-07	327.57013	-0.07892363	-178.24768	7.459339	0.032645974	0.47333333	3.0	2325.757980823517
95	-152.53781	34.196125	-78.97027	-209.19893	60.0	-64.40716	36.196663	-0.4692793	-160.35733	57600	-6.039937e-08	521.8086	-0.087261684	-326.0455	7.296259	0.03923783	0.5133333	3.0	2350.7481513023376
96	-161.90117	15.149635	-138.9279	-193.41937	60.0	-69.04041	40.54067	-14.945648	-159.93304	58200	8.424123e-08	447.05344	-0.087729126	-238.79926	7.380551	0.023666799	0.56333333	4.0	2374.769471645355
97	-162.59213	28.485786	-116.64578	-229.57326	60.0	-65.324715	37.34534	-15.303352	-155.48984	58800	8.424123e-08	532.22205	-0.056568198	-264.63034	7.487684	0.03491577	0.35666665	2.0	2399.1341800689697
98	-153.49248	32.599586	-68.0554	-194.41972	60.0	-65.04471	40.698036	-12.597151	-159.61926	59400	3.004074e-07	293.98547	-0.091458425	-166.23328	7.519028	0.018460734	0.57	4.0	2423.9635679721832
99	-158.56451	32.82008	-76.2167	-206.54547	60.0	-66.69704	37.889412	-11.699858	-157.51219	60000	-2.8610229e-08	524.09393	-0.07493401	-267.60962	7.3594093	0.024223583	0.47833332	3.0	2448.629051923752
100	-163.17169	41.18896	-84.290405	-222.21739	60.0	-68.79446	38.97564	-15.740908	-154.77086	60600	9.536743e-08	412.07797	-0.06609426	-245.44443	7.402689	0.046277236	0.415	2.0	2473.8160564899445
101	-162.04573	19.388838	-135.75372	-200.04988	60.0	-66.9665	45.15681	0.3945241	-176.52742	61200	6.357829e-08	463.45215	-0.077763595	-264.2834	7.5178604	0.013680035	0.5083333	3.0	2498.2282180786133
102	-158.25388	35.756702	-68.996376	-204.75333	60.0	-69.5097	41.233173	-7.212783	-167.69731	61800	2.911687e-07	487.68954	-0.07033037	-292.0061	7.6585155	0.038474146	0.39	2.0	2523.4915959835052
103	-155.10283	29.676056	-73.52326	-190.53459	60.0	-72.18316	38.71314	6.1636467	-157.43974	62400	-6.9936114e-08	364.17114	-0.102250375	-250.9346	7.588139	0.037787564	0.595	4.0	2547.88964676857
104	-151.41373	29.395441	-80.55846	-198.68227	60.0	-59.112186	39.722794	6.024884	-153.10081	63000	1.9391378e-07	651.74304	-0.089445025	-366.6272	7.689195	0.025726698	0.525	4.0	2572.4238238334656
105	-158.75911	33.508297	-101.90458	-236.31703	60.0	-68.447044	39.167908	-12.977821	-168.7217	63600	3.7988028e-07	476.83923	-0.093572326	-285.29846	7.389738	0.033110466	0.5233333	4.0	2596.9010298252106
106	-157.73013	24.771196	-96.14443	-190.50935	60.0	-61.465893	41.17235	-7.2493587	-156.78442	64200	-4.3710074e-07	297.0214	-0.083931915	-156.93285	7.595154	0.027448095	0.5	3.0	2621.47256731987
107	-178.65652	20.290611	-154.70438	-231.13965	60.0	-76.43953	38.171135	-9.435324	-158.7372	64800	4.6094257e-08	649.2228	-0.07609756	-371.28027	7.5200734	0.035584662	0.47166666	3.0	2645.2208998203278
108	-155.57634	42.7974	-74.43944	-243.70224	60.0	-61.497437	42.93103	1.1697712	-159.49373	65400	-2.604723e-07	559.70355	-0.082993425	-294.17416	7.4519343	0.029725417	0.51166666	3.0	2670.0592498779297
109	-171.88913	21.672226	-129.13205	-203.28366	60.0	-81.963356	39.107204	11.845108	-161.75427	66000	4.2915346e-08	617.04675	-0.08256632	-387.54486	7.4139347	0.035171784	0.37	2.0	2693.764169692993
110	-148.40758	37.177353	-69.71982	-193.95442	60.0	-64.46527	42.025997	-11.571543	-168.21268	66600	-3.8146972e-08	350.19214	-0.08217956	-227.4274	7.3596044	0.03768978	0.5133333	3.0	2719.401043176651
111	-165.74542	17.250221	-133.06537	-192.19116	60.0	-73.07098	43.225857	-9.520019	-174.09769	67200	-2.0424525e-07	603.5223	-0.072709024	-331.36334	7.5040627	0.0313794	0.51666665	3.0	2743.532611846924
112	-168.81491	17.170177	-150.86009	-202.3891	60.0	-69.789795	38.832386	-15.327687	-170.30225	67800	8.980433e-08	264.09344	-0.06720955	-166.1185	7.361979	0.036574204	0.40333334	2.0	2768.054065465927
113	-165.0883	34.918503	-90.47449	-229.00188	60.0	-65.129745	38.993137	-3.802565	-159.20828	68400	2.0742416e-07	491.9406	-0.07025928	-251.59009	7.559979	0.033017527	0.4	2.0	2792.5375628471375
114	-170.53932	47.565308	-72.82609	-248.88336	60.0	-69.23003	40.577087	-12.07685	-167.41853	69000	2.725919e-07	776.8959	-0.07440638	-393.00745	7.514034	0.022596298	0.49	3.0	2816.942835330963
115	-180.96951	29.099087	-146.445	-247.79915	60.0	-75.03635	42.8445	-11.136146	-163.05319	69600	1.001358e-07	622.84143	-0.079020835	-318.70575	7.6138363	0.025141783	0.47	3.0	2841.67516207695
116	-181.13379	28.499462	-146.47997	-242.19914	60.0	-76.031746	43.333458	-15.8050785	-179.83466	70200	5.2452087e-08	641.44775	-0.07651294	-359.90826	7.6753826	0.034491137	0.44333333	2.0	2865.9349751472473
117	-161.23221	32.513012	-104.9576	-225.32141	60.0	-73.37005	42.542557	-6.781463	-191.70262	70800	2.3404758e-07	697.228	-0.06931164	-406.689	7.7501464	0.035342216	0.44833332	2.0	2890.401220560074
118	-176.00864	24.196156	-138.11446	-214.67885	60.0	-72.62267	45.308064	-6.1224627	-169.4642	71400	2.7418136e-07	402.59882	-0.072062284	-207.266	7.5035677	0.036665123	0.5366667	3.0	2914.5722754001617
119	-169.52866	32.53332	-99.422104	-223.44879	60.0	-76.55696	41.34821	-17.957401	-161.0849	72000	-1.6927719e-07	412.7611	-0.07778658	-238.44566	7.666908	0.038621306	0.50666666	3.0	2938.6181106567383
120	-147.47264	17.152552	-105.346016	-169.27373	60.0	-68.07602	43.529694	-11.114341	-174.63695	72600	1.1523564e-07	448.02176	-0.08810554	-299.35706	7.4438972	0.030115973	0.55333334	3.0	2963.890466451645
121	-156.02751	17.21982	-135.33026	-197.84259	60.0	-65.01721	37.745132	-14.6247	-179.9143	73200	2.8610229e-08	355.77505	-0.07248552	-211.26576	7.4403424	0.050162975	0.49333334	2.0	2988.300726413727
122	-161.22864	30.74337	-75.42796	-188.56169	60.0	-66.45278	36.60987	-1.8763041	-181.32925	73800	-6.11941e-08	417.50592	-0.097825065	-282.5216	7.2954197	0.027546996	0.62	4.0	3012.772157907486
123	-167.98442	26.491898	-136.36885	-236.2612	60.0	-69.5693	41.324512	-5.538428	-155.05443	74400	-2.7815501e-08	802.4209	-0.06967885	-398.24948	7.2869124	0.031698976	0.365	2.0	3036.8592433929443
124	-158.43669	16.986332	-129.53868	-192.68123	60.0	-68.839554	38.038315	-6.9651275	-166.69125	75000	6.357829e-08	382.00357	-0.10285213	-208.13939	7.316679	0.029495144	0.605	5.0	3060.962996482849
125	-167.48907	20.245811	-122.18714	-193.73972	60.0	-64.66072	37.954624	-6.316564	-168.04355	75600	1.5974045e-07	352.2994	-0.08839241	-205.20224	7.4335093	0.025349006	0.44833332	3.0	3085.2770726680756
126	-183.41312	19.370018	-150.65985	-212.72462	60.0	-71.81681	40.289062	-9.820057	-171.05219	76200	-2.582868e-08	645.8798	-0.06956026	-404.64008	7.4151206	0.031526078	0.39166668	2.0	3109.3635263442993
127	-156.09277	28.418665	-79.03964	-185.83475	60.0	-74.054245	44.144386	-14.954738	-169.62122	76800	2.479553e-07	379.9592	-0.08693145	-255.3339	7.4601684	0.030152887	0.515	3.0	3133.867953300476
128	-162.84317	16.958717	-135.81813	-192.45683	60.0	-74.517334	40.34662	-8.628669	-158.46687	77400	-2.3206076e-07	479.82428	-0.085651524	-293.03058	7.5740485	0.035268575	0.5233333	3.0	3157.721044778824
129	-157.61356	32.412384	-81.40601	-206.46959	60.0	-68.190506	40.374233	3.3313603	-167.81664	78000	-8.841356e-08	429.91586	-0.087975435	-237.79259	7.3462234	0.042495932	0.545	3.0	3181.96763920784
130	-168.69652	19.866434	-135.39839	-206.05757	60.0	-68.459946	41.170456	-10.210384	-163.21204	78600	-3.8146972e-08	488.02005	-0.074584946	-239.80612	7.496422	0.030333707	0.51166666	3.0	3206.3952338695526
131	-154.13696	41.943226	-80.30053	-225.1236	60.0	-64.7057	38.01742	-11.165573	-170.84184	79200	8.742015e-08	441.78198	-0.07799896	-217.33704	7.322439	0.031243801	0.45833334	3.0	3231.236698627472
132	-170.24936	25.033016	-133.28503	-220.67249	60.0	-69.21146	42.856487	5.7708855	-165.00818	79800	-1.3430913e-07	374.8061	-0.06927393	-195.73763	7.6059146	0.032656416	0.37333333	2.0	3255.5169308185577
133	-168.60782	14.468527	-139.47838	-192.63301	60.0	-72.22702	40.85432	-4.7049975	-164.73077	80400	2.7100245e-07	356.17072	-0.08593277	-202.28827	7.248764	0.030716944	0.455	3.0	3279.3805973529816
134	-170.68375	18.020412	-135.49326	-206.15384	60.0	-73.10349	40.47777	-5.876564	-170.24371	81000	2.4239222e-07	499.48996	-0.09101202	-256.8239	7.2941375	0.031252626	0.55833334	4.0	3304.144726753235
135	-163.00253	11.58521	-151.56157	-185.03275	60.0	-76.88714	40.555027	-10.835037	-165.95306	81600	-1.4305114e-08	419.36548	-0.084573135	-275.31668	7.422148	0.043791134	0.445	3.0	3328.0570578575134
136	-179.6376	20.500582	-144.11386	-209.64801	60.0	-64.77276	41.881065	-3.2424824	-164.08939	82200	-4.4584274e-07	805.0276	-0.08641292	-481.59897	7.4355397	0.03126746	0.49666667	3.0	3352.1644036769867
137	-161.5227	38.256157	-61.15095	-220.5283	60.0	-67.72089	42.598106	-4.2943816	-159.86862	82800	5.165736e-08	397.47592	-0.0883764	-193.9013	7.7299986	0.031141803	0.5366667	4.0	3377.1888127326965
138	-166.1095	17.330614	-141.07205	-199.62637	60.0	-77.53669	41.657112	-11.222441	-183.0917	83400	7.311503e-08	445.08566	-0.08122939	-304.03412	7.372758	0.029687723	0.48	3.0	3401.2905156612396
139	-158.75485	22.365894	-107.89028	-187.85994	60.0	-69.061646	37.345863	3.1399813	-156.58623	84000	2.2729238e-07	543.8545	-0.107284956	-316.11652	7.5025487	0.033387456	0.6383333	5.0	3425.678956747055
140	-177.76714	25.115536	-150.43555	-247.26434	60.0	-71.66465	41.646503	-6.746195	-163.67198	84600	-2.2570292e-07	610.18536	-0.065438636	-329.63553	7.422116	0.028830042	0.41166666	2.0	3450.2939829826355
141	-165.1099	35.919983	-61.30742	-193.0087	60.0	-73.252815	41.838436	-13.057451	-172.38628	85200	8.980433e-08	380.52365	-0.071205124	-212.26003	7.492106	0.040277064	0.47166666	2.0	3474.7295610904694
142	-163.4845	27.302454	-116.802795	-222.63239	60.0	-64.05218	45.441864	-2.2150674	-180.7054	85800	-2.0821889e-07	494.97635	-0.0775763	-266.6819	7.4163647	0.032544985	0.54	3.0	3499.197785615921
143	-149.46455	21.097425	-111.15636	-183.89255	60.0	-79.50385	35.831493	-10.924938	-163.65825	86400	-1.10467276e-07	738.107	-0.07814583	-484.25568	7.270135	0.0272135	0.47333333	3.0	3523.2097334861755
144	-167.9589	17.969545	-135.11082	-191.77751	60.0	-64.372635	37.849823	-2.8864186	-156.41331	87000	-1.8437703e-07	483.9658	-0.069240116	-303.07007	7.339542	0.03129698	0.48666668	3.0	3547.1329226493835
145	-179.26797	17.840555	-158.399	-209.65775	60.0	-71.17607	39.598328	-1.5340047	-160.56645	87600	2.4269025e-07	515.96576	-0.087935194	-294.80847	7.3213315	0.020808307	0.5366667	3.0	3571.049183368683
146	-156.35442	24.418991	-102.44828	-192.47346	60.0	-72.28252	43.97313	-2.6951423	-182.89499	88200	6.9936114e-08	396.01993	-0.08949314	-237.73842	7.521913	0.033511475	0.50166667	3.0	3595.3295228481293
147	-160.70076	37.514103	-71.60215	-235.6362	60.0	-68.79494	41.519146	-10.689454	-183.34596	88800	-1.2079875e-07	410.35803	-0.085234396	-221.62358	7.4878263	0.02062224	0.605	4.0	3620.570560693741
148	-173.1833	31.817692	-110.93446	-238.24939	60.0	-63.503452	42.156567	-1.7566409	-157.84113	89400	6.834666e-08	689.5578	-0.08481799	-345.73337	7.312054	0.029597463	0.435	3.0	3645.2831394672394
149	-156.92082	15.258344	-127.420235	-175.45328	60.0	-73.00385	41.69585	-9.94444	-163.45442	90000	1.223882e-07	321.64047	-0.078475714	-191.81602	7.449236	0.03806655	0.50666666	3.0	3669.9162890911102
150	-160.55746	33.167427	-73.1401	-203.61952	60.0	-67.94517	38.246735	-7.7640967	-151.82182	90600	-6.039937e-08	417.01178	-0.09430465	-249.99811	7.4276385	0.026817704	0.53333336	4.0	3699.0285902023315
151	-142.25557	31.014914	-81.61681	-173.4662	60.0	-60.02377	40.488224	-8.251581	-179.5057	91200	-3.0994414e-08	533.4145	-0.10242715	-296.5492	7.3934035	0.02468826	0.615	5.0	3728.879899263382
152	-154.97636	29.579153	-92.19148	-194.27574	60.0	-65.411835	38.003872	-7.5924096	-166.96516	91800	-2.1616619e-07	428.78665	-0.074978955	-233.87456	7.5664167	0.03480421	0.50666666	3.0	3759.326808691025
153	-165.10947	30.049807	-81.71685	-194.76044	60.0	-68.21403	36.733994	-8.691218	-147.42453	92400	1.7007191e-07	367.82657	-0.10070978	-217.24208	7.438965	0.03770324	0.555	4.0	3790.1262662410736
154	-139.10991	34.396416	-71.7998	-177.66617	60.0	-59.311745	39.961433	-5.0068226	-162.28072	93000	4.506111e-07	382.11603	-0.09557353	-221.52028	7.4558187	0.019915568	0.5566667	4.0	3818.3239307403564
155	-154.01878	26.526157	-100.17963	-191.88876	60.0	-62.836014	38.544415	-0.9841075	-174.2401	93600	1.5099843e-07	384.98953	-0.09193293	-194.6611	7.2871	0.026630951	0.52666664	4.0	3843.4442443847656
156	-158.62955	53.271477	-64.23367	-221.57336	60.0	-69.77462	38.27369	-9.165934	-154.77063	94200	-6.357829e-09	707.60144	-0.10211729	-369.76974	7.3790073	0.027627936	0.54333335	4.0	3869.1053709983826
157	-155.12878	43.144306	-57.504215	-229.31107	60.0	-60.24595	41.88531	-5.790513	-176.04137	94800	-8.34465e-08	440.58926	-0.08511389	-240.38577	7.507291	0.024725346	0.5183333	3.0	3895.572411775589
158	-168.51933	34.15179	-92.570724	-221.03383	60.0	-67.84828	40.94155	-6.1245136	-192.09692	95400	-1.748403e-07	557.7974	-0.09528847	-324.20746	7.5160303	0.02730456	0.5183333	4.0	3920.270695924759
159	-171.7161	25.754568	-144.68544	-237.1587	60.0	-76.17752	44.913536	-13.732838	-165.00409	96000	-9.8546344e-08	572.7192	-0.085788496	-294.83472	7.398206	0.030266821	0.47333333	3.0	3945.494419336319
160	-159.18292	36.16571	-80.264946	-208.17836	60.0	-61.381496	38.78957	-6.4169044	-160.54904	96600	-9.695689e-08	658.5899	-0.089949064	-350.61612	7.4530883	0.03896101	0.6	4.0	3971.9829711914062
161	-180.1087	23.984352	-148.45435	-217.14323	60.0	-79.55447	40.102592	-0.06458807	-165.97528	97200	-2.2888183e-07	636.6763	-0.084168166	-359.32016	7.3138275	0.03864419	0.48333332	3.0	3995.9639806747437
162	-150.2939	24.824001	-95.47843	-188.8365	60.0	-61.865852	44.834976	1.4609523	-181.17116	97800	-1.3550122e-07	460.412	-0.06562868	-302.32275	7.473047	0.029112231	0.32166666	2.0	4021.314658164978
163	-167.35507	41.09773	-78.0106	-235.3159	60.0	-65.05999	40.27394	-9.801981	-174.5239	98400	1.1364619e-07	499.11438	-0.093977265	-257.89758	7.4308944	0.025899304	0.545	4.0	4045.8463864326477
164	-165.95576	18.266768	-139.64984	-197.12613	60.0	-79.27432	40.20854	-10.209873	-177.12111	99000	9.9738436e-08	444.48172	-0.08906988	-290.19653	7.628032	0.022245951	0.47666666	3.0	4069.4005677700043
165	-143.52983	42.457314	-62.57692	-189.70245	60.0	-60.511158	42.18972	-3.0155234	-153.04279	99600	-3.115336e-07	297.39108	-0.116851114	-169.78433	7.4797883	0.025419256	0.69666666	8.0	4094.5605590343475
166	-160.89041	25.766302	-133.07753	-214.3125	60.0	-70.162476	41.105415	-6.3075566	-181.92122	100200	1.7325084e-07	537.7693	-0.08416382	-303.89752	7.483418	0.037023585	0.43	2.0	4118.144105195999
167	-163.362	17.103361	-127.39349	-191.27055	60.0	-67.53935	39.404003	-5.6968374	-149.41205	100800	-2.7020773e-08	341.5842	-0.074051715	-190.76898	7.3181486	0.040769845	0.46833333	2.0	4142.875755548477
168	-167.01198	52.74268	-77.75406	-237.49487	60.0	-62.46733	39.4749	-2.3483887	-156.50534	101400	1.390775e-07	889.4095	-0.06825707	-465.936	7.3528986	0.035883352	0.38833332	2.0	4167.466236829758
169	-145.92508	26.652899	-69.22317	-168.9874	60.0	-74.18883	42.899254	-13.6325245	-176.78241	102000	-2.2729238e-07	419.19608	-0.07480603	-298.4881	7.6450043	0.028856875	0.5416667	3.0	4191.750483751297
170	-161.23514	16.59039	-138.73581	-198.04286	60.0	-66.08103	38.491756	-6.3156633	-166.89738	102600	-2.7269124e-07	409.94788	-0.0872183	-238.94806	7.42133	0.028888123	0.46333334	3.0	4216.340141773224
171	-157.66716	46.261597	-71.656784	-245.07417	60.0	-61.005657	36.438362	-11.450661	-164.65472	103200	-2.2729238e-07	645.4148	-0.07284382	-356.91293	7.4442725	0.036811613	0.55	3.0	4240.901814937592
172	-156.1642	28.669373	-103.54681	-195.1123	60.0	-68.11179	37.488518	-2.0369368	-169.14394	103800	-6.039937e-08	445.09457	-0.08977462	-251.40729	7.3237295	0.030973177	0.46	3.0	4265.028342485428
