% # columns="iteration, evaluation, sigma, axis ratio, bestever, best, median, worst objective function value, further objective values of best", seed=535216, Tue Apr 21 17:42:16 2020, <python>{}</python>
1 19 0.09719567482052266 1.0000497234583923 41.615337414433185 4.1615337414433185e+01 65.1265079172449 123.03061441307251   
2 38 0.09491838235578808 1.0000497234583923 39.16736700885257 3.9167367008852572e+01 60.88103326103257 114.03623570327039   
3 57 0.09302058328162943 1.0129312059549658 29.238244366126438 2.9238244366126438e+01 75.89473466447153 115.96043331898152   
4 76 0.09147215266684257 1.0129312059549658 29.238244366126438 3.1606781728552857e+01 70.76906164348632 103.78559859923115   
5 95 0.09009129302898193 1.015167471176336 18.309916623606092 1.8309916623606092e+01 61.750622800701784 82.79619373954108   
6 114 0.0888454801088746 1.015167471176336 18.309916623606092 2.4058769479775211e+01 45.55798351391846 89.2890146838231   
7 133 0.08784047005369378 1.017497229366975 18.309916623606092 2.3594025097056544e+01 48.76629398572274 88.27745747571923   
8 152 0.08694349995039818 1.017497229366975 18.309916623606092 2.1873211686355333e+01 48.77651580977976 73.92949208026353   
9 171 0.0861391518405111 1.0213499100729364 18.309916623606092 2.4144034053788349e+01 43.04061026655632 96.6006277980905   
10 190 0.0854219982753741 1.0213499100729364 18.309916623606092 1.9243143878231006e+01 28.197763833822915 82.76378999563391   
11 209 0.08475283238602281 1.0247526943998977 18.309916623606092 2.0658033272302500e+01 28.53644064471687 66.67382185194907   
12 228 0.08415823640242318 1.0247526943998977 18.309916623606092 1.9295608267553320e+01 27.273644586031065 103.21574626077572   
13 247 0.08357789360954182 1.0283392324854292 18.309916623606092 2.3113124010340549e+01 28.05645386123887 88.0506294949913   
14 266 0.08301974892448052 1.0283392324854292 18.309916623606092 2.1618356179273174e+01 28.00647646771568 67.07639211587978   
15 285 0.08259439228222623 1.0328886388286944 13.786975322725535 1.3786975322725535e+01 25.084357985714256 56.84844885625708   
16 304 0.08228631048062374 1.0328886388286944 12.4685657632752 1.2468565763275199e+01 27.43841526275357 86.98916421292923   
17 323 0.08201726514554769 1.0382526415547568 12.4685657632752 1.2738764403005343e+01 25.82461060927007 102.03510707667367   
18 342 0.0818077762348978 1.0382526415547568 11.71707627453316 1.1717076274533159e+01 26.66894313944657 63.8141597942694   
19 361 0.08155079604070006 1.044092947143219 11.454757715059307 1.1454757715059307e+01 21.736042443525402 96.23473016003645   
20 380 0.08125372305596003 1.044092947143219 11.454757715059307 1.3219570887398921e+01 28.815973331224516 78.64114701293404   
21 399 0.08101012994759008 1.0494927939445295 11.454757715059307 1.3612033516765319e+01 24.3452362594857 79.8949762984216   
22 418 0.08080719598139117 1.0494927939445295 11.454757715059307 1.1858476877780600e+01 24.33755282082254 65.67987848005471   
23 437 0.08059090091032672 1.0541109767249035 11.454757715059307 1.1755964130083814e+01 25.983491375340535 43.30003810158275   
24 456 0.0803735966236332 1.0541109767249035 11.454757715059307 1.3170051362684276e+01 23.90551760286748 70.34713189371605   
25 475 0.08034336191405209 1.0591711447645644 11.454757715059307 1.5114466138214619e+01 24.86010158235356 56.19912795567191   
26 494 0.08034800204542657 1.0591711447645644 11.454757715059307 1.1712610763689044e+01 24.718563946057706 86.02682329271744   
27 513 0.08038724908521544 1.065278525543287 11.454757715059307 1.5450468055243794e+01 25.125850621390033 88.8841723122774   
28 532 0.08040938289155367 1.065278525543287 11.454757715059307 1.3796882550872072e+01 28.975798977977597 72.26107936636264   
29 551 0.08044179935939616 1.07090248211036 11.454757715059307 1.5300795374851596e+01 26.673635043098187 42.60557326160666   
30 570 0.08042196095057016 1.07090248211036 11.454757715059307 1.4299881881993750e+01 27.51981051391406 54.547497103486855   
31 589 0.08040480141812248 1.0765094609898842 11.276625444819976 1.1276625444819976e+01 28.20588703577454 49.14962741368822   
32 608 0.08053304337393272 1.0765094609898842 11.276625444819976 1.2664103720459558e+01 25.293625302292906 43.4266454562386   
33 627 0.08056043049766119 1.0827227255968241 11.276625444819976 1.3309552577045508e+01 25.744897118364506 60.729520339087486   
34 646 0.08061518753575245 1.0827227255968241 11.276625444819976 1.3773853450325062e+01 23.75771508193689 69.40031842749991   
35 665 0.08073573008310793 1.0892170468981957 11.276625444819976 1.3939144236179846e+01 26.537371562547456 54.8247575301369   
36 684 0.0808695256804613 1.0892170468981957 11.276625444819976 1.2798476806653603e+01 27.95472177865999 73.39202691316095   
37 703 0.0809683632744812 1.0961909039598692 11.276625444819976 1.5111564843986002e+01 26.809174639348477 74.78924761104253   
38 722 0.08105420193412045 1.0961909039598692 11.276625444819976 1.4888359684213587e+01 25.963083498253173 66.23352279072714   
39 741 0.08108032638403145 1.1029491631047594 11.276625444819976 1.5178222451353429e+01 25.396897359483514 68.46899046572396   
40 760 0.08111655590475589 1.1029491631047594 11.276625444819976 1.4288062253012434e+01 26.342885368647224 62.94893557499514   
41 779 0.0809993785484941 1.1094556548409504 11.276625444819976 1.4441434057086852e+01 25.925456701768436 68.06750871515324   
42 798 0.08089882495198655 1.1094556548409504 11.276625444819976 1.2174382986404403e+01 24.970581835468742 48.61729120853511   
43 817 0.08084712436187808 1.115941826048098 11.276625444819976 1.3568984613960110e+01 27.371359179514496 53.27931503832338   
44 836 0.08074975607523427 1.115941826048098 11.276625444819976 1.2072610248903187e+01 24.767888559996706 72.82706688298995   
45 855 0.08063435668285496 1.1218966601992106 11.276625444819976 1.1340055980128799e+01 18.302203299222672 44.46489580874205   
46 874 0.08047967294346138 1.1218966601992106 11.276625444819976 1.1702241493836006e+01 21.243973942186166 72.08614541801535   
47 893 0.08032123577538373 1.12775099847742 11.276625444819976 1.1892403297511940e+01 19.036729371018613 75.32246384554377   
48 912 0.08006821602221205 1.12775099847742 11.276625444819976 1.3343264822750877e+01 23.84523661909337 68.1265680144556   
49 931 0.0798478148937122 1.1340722211998133 11.276625444819976 1.2713889507055141e+01 25.96134490267066 48.0066299938124   
50 950 0.07982974408096526 1.1340722211998133 11.276625444819976 1.2595619991187601e+01 19.7429443669944 52.47003556674781   
51 969 0.0799460000209763 1.1400178351564583 11.276625444819976 1.2484924625000998e+01 15.445363714277306 75.70031576214325   
52 988 0.07991740246358343 1.1400178351564583 10.742235870488761 1.0742235870488761e+01 22.120615010589585 61.626922142570194   
53 1007 0.07988600470406881 1.14607377288174 10.742235870488761 1.2144940743121650e+01 22.07387492024509 87.05641748199581   
54 1026 0.07977698643871212 1.14607377288174 10.511392737339877 1.0511392737339877e+01 23.204913598302426 77.5203406082261   
55 1045 0.07961353788841083 1.1515427291376201 10.10637346267765 1.0106373462677650e+01 24.77125467927215 69.10142301955774   
56 1064 0.0794621109328255 1.1515427291376201 10.10637346267765 1.0894363452781770e+01 22.465762781941027 73.36720024739806   
57 1083 0.0791945433006124 1.1570500385153462 10.10637346267765 1.1805957345918113e+01 24.034730801873927 55.59364686738518   
58 1102 0.0789461178574013 1.1570500385153462 10.10637346267765 1.1321619262929504e+01 40.54167723206559 75.62487211243489   
59 1121 0.07875866640074079 1.1619004118231284 10.10637346267765 1.0534759309251848e+01 28.187798221595493 78.8852952184013   
60 1140 0.07853477500002062 1.1619004118231284 10.10637346267765 1.0508666948899549e+01 25.299996952876302 65.98576809169747   
61 1159 0.07827918868029107 1.1667540478343577 10.10637346267765 1.2070060121775033e+01 27.194702892041125 81.84259901558248   
62 1178 0.07796972561702882 1.1667540478343577 10.10637346267765 1.1780866935841903e+01 20.447556677838016 68.3429048533228   
63 1197 0.07781164734626418 1.171371917544145 10.10637346267765 1.1561962141988442e+01 28.3227684767994 62.671251357708755   
64 1216 0.07767564038960477 1.171371917544145 10.10637346267765 1.1305652627784967e+01 24.794516623613685 65.36677886551355   
65 1235 0.07747954459043599 1.1769538220744717 10.10637346267765 1.1091921919107639e+01 27.48166183175302 73.69209011984445   
66 1254 0.07727824362565253 1.1769538220744717 10.10637346267765 1.2020895422457105e+01 28.069479390954612 77.45808480251961   
67 1273 0.0770280106603611 1.1823129696124293 10.10637346267765 1.1489554257577055e+01 35.32837517028589 76.3003145573007   
68 1292 0.07672028430141686 1.1823129696124293 10.10637346267765 1.1358803489922083e+01 25.107582442642876 69.90698457307701   
69 1311 0.07641549712264888 1.1871012991459091 10.10637346267765 1.2465484204973759e+01 36.689292241139995 81.36319829970016   
70 1330 0.07623568410593604 1.1871012991459091 10.10637346267765 1.3869301258493618e+01 28.44006473265857 63.89789196856263   
71 1349 0.07602968004377049 1.1920333437055661 10.10637346267765 1.0562961493012523e+01 20.590589168971498 69.58024808910777   
72 1368 0.07586787505780476 1.1920333437055661 10.10637346267765 1.1691916456954848e+01 24.70630693545762 67.8222022594516   
73 1387 0.07568492147856802 1.1964249363151078 10.10637346267765 1.0311503311151172e+01 23.370676567133522 55.21009141756047   
74 1406 0.07535867466857116 1.1964249363151078 10.10637346267765 1.0786388812017666e+01 19.598257740513482 54.51811489070992   
75 1425 0.07510816969224114 1.2006675963270037 9.749965463598766 9.7499654635987660e+00 20.68507270580741 67.52097468018856   
76 1444 0.07488039986927167 1.2006675963270037 9.749965463598766 1.0970916735863621e+01 22.359361018948718 68.61353743921609   
77 1463 0.07458706168512845 1.204593267075444 9.03728721283604 9.0372872128360395e+00 19.72116042099434 72.83039121695046   
78 1482 0.07429861963156327 1.204593267075444 9.03728721283604 1.0195792696925318e+01 20.04814893223728 75.43532396217499   
79 1501 0.07401654901993479 1.2079769215696863 9.03728721283604 1.2842398799283986e+01 24.399985274566777 60.46454966577469   
80 1520 0.07371511595750181 1.2079769215696863 8.489744636125819 8.4897446361258186e+00 24.428075005305722 99.86385763111662   
81 1539 0.07342173653709497 1.2117060526162038 8.489744636125819 9.9196903941643395e+00 20.664258444445462 72.4296278366001   
82 1558 0.07315063659204189 1.2117060526162038 8.489744636125819 1.1101703772497149e+01 20.978236313831886 46.3889768732898   
83 1577 0.07303108767617633 1.2151128465455112 8.489744636125819 1.1639444836247252e+01 24.73558928127715 74.0810881901489   
84 1596 0.07291258662751163 1.2151128465455112 8.489744636125819 1.0415221071248109e+01 19.76465637557216 28.213060982597987   
85 1615 0.0728743493326637 1.2193692907777254 8.489744636125819 9.8168223104624115e+00 19.99459661738678 77.6435444446505   
86 1634 0.07287298642971568 1.2193692907777254 8.489744636125819 1.0371196640822367e+01 21.210027340404384 69.83304523388605   
87 1653 0.07291769593376957 1.2232342435179453 8.489744636125819 9.5960142536035313e+00 16.112563122920466 51.41807249535685   
88 1672 0.07292397716643102 1.2232342435179453 8.489744636125819 8.7548222641757825e+00 15.43344775466895 82.3643037398495   
89 1691 0.07292442411652093 1.2273394590230877 8.489744636125819 9.6839572256391389e+00 16.622551352441658 54.71212655455758   
90 1710 0.07289350832781107 1.2273394590230877 8.489744636125819 9.6677833869468390e+00 13.327220301235066 63.84583580403546   
91 1729 0.07284175186497131 1.2311391871633088 8.489744636125819 9.1727870722221905e+00 20.85845533844304 89.0527551402924   
92 1748 0.07269263813026587 1.2311391871633088 8.489744636125819 9.6162891162151904e+00 12.510561948449944 67.15913592405316   
93 1767 0.07250244097057235 1.2347771735874453 8.489744636125819 8.9440740882185210e+00 11.386280940338576 28.60044759502725   
94 1786 0.07228462016844221 1.2347771735874453 8.489744636125819 8.5410588773863552e+00 13.843412747087033 66.58854744616144   
95 1805 0.07205287801757322 1.2378233393356026 8.489744636125819 1.0627722932632155e+01 25.45913379808424 90.3812462789847   
96 1824 0.071775251057218 1.2378233393356026 8.489744636125819 8.7612004196400957e+00 12.792745411461382 25.099396451551616   
97 1843 0.07160055450291306 1.2412336249244325 8.489744636125819 8.7939884450714114e+00 13.888255017022773 52.39467022451214   
98 1862 0.07140003027280187 1.2412336249244325 7.911597360213185 7.9115973602131850e+00 11.925172845488447 58.409318898869905   
99 1881 0.071267244021105 1.2445457007837786 7.611599818523486 7.6115998185234863e+00 16.221245568392806 46.747879468110774   
100 1900 0.0711282966148371 1.2445457007837786 7.611599818523486 8.7025467667518388e+00 16.25019801100112 59.84597007214166   
