Epoch	AverageEpRet	StdEpRet	MaxEpRet	MinEpRet	EpLen	AverageVVals	StdVVals	MaxVVals	MinVVals	TotalEnvInteracts	LossPi	LossV	DeltaLossPi	DeltaLossV	Entropy	KL	ClipFrac	StopIter	Time
0	-156.31226	30.097422	-64.14169	-249.13809	60.0	-66.15527	37.863342	5.951023	-180.15103	30000	7.5276695e-08	367.04904	-0.0127097415	-56.11252	6.808402	0.018949062	0.2787	1.0	658.2579393386841
1	-158.36957	31.852007	-56.168377	-269.16907	60.0	-66.28701	38.81858	7.032156	-163.30583	60000	-3.3569336e-08	388.18814	0.010915174	-58.262543	6.8122087	0.031669185	0.38646665	1.0	1311.5823955535889
2	-160.1173	29.790182	-61.38017	-276.5184	60.0	-67.78056	39.137688	35.526287	-187.97443	90000	7.425944e-08	390.37042	-0.041070342	-55.55475	6.8406625	0.016249476	0.23386666	10.0	1965.0979888439178
3	-158.00246	30.597517	-60.84381	-255.95459	60.0	-66.34737	38.95883	-1.8697739	-169.3162	120000	-5.2261353e-08	357.58093	-0.03736649	-53.457153	6.798104	0.016461115	0.23363334	9.0	2624.4380617141724
4	-157.56784	28.871225	-60.48486	-244.25484	60.0	-66.40515	38.712242	-7.8093915	-167.86208	150000	1.93278e-08	319.61487	-0.03794905	-49.072876	6.8100457	0.017062599	0.2421	10.0	3280.002037525177
5	-158.51202	29.243702	-66.01747	-265.10352	60.0	-67.16215	38.547794	5.6424294	-167.66016	180000	2.0345052e-08	353.95303	-0.03927265	-55.052032	6.785825	0.016788945	0.24853334	10.0	3933.892436504364
6	-157.24905	28.367517	-64.18294	-273.6327	60.0	-66.81974	38.646465	-0.113927364	-184.79428	210000	1.6276042e-08	339.18933	-0.03604715	-53.34427	6.7591453	0.017230319	0.2425	9.0	4586.153094768524
7	-157.12521	28.835438	-62.45392	-238.87405	60.0	-65.49578	38.917908	6.9292045	-171.51718	240000	-1.8310548e-08	344.55057	-0.03708071	-54.324554	6.759809	0.016311476	0.24236667	9.0	5247.447773933411
8	-160.4256	28.78103	-56.98894	-290.24292	60.0	-67.53185	38.004898	-3.9091635	-181.85849	270000	-5.3914388e-08	366.1792	-0.033722796	-54.669403	6.7686186	0.017751565	0.23336667	8.0	5907.650743961334
9	-159.90703	30.497166	-58.10068	-299.2664	60.0	-66.264534	39.176987	17.234335	-162.88638	300000	-3.2552084e-08	390.93698	-0.03668834	-59.448822	6.7728415	0.018556902	0.24993333	9.0	6568.757496356964
10	-158.68372	32.416035	-63.522198	-291.52686	60.0	-66.299194	39.204792	2.5529318	-176.18951	330000	4.0690105e-09	389.37778	-0.036306	-57.859467	6.7745676	0.016209424	0.24106666	9.0	7224.741571187973
11	-159.90912	29.254171	-67.67701	-280.08347	60.0	-67.45083	39.08695	-3.7219672	-165.54147	360000	-2.9500326e-08	376.08646	-0.037918102	-55.114655	6.7419586	0.016019875	0.2492	10.0	7880.763643980026
12	-159.42497	30.360022	-59.51138	-269.67862	60.0	-67.437065	38.751583	-3.6057014	-160.70053	390000	1.2715658e-08	366.89285	-0.03637742	-51.994446	6.695156	0.019567948	0.2526	9.0	8535.589191436768
13	-156.84526	29.8908	-61.9571	-247.01631	60.0	-66.02834	38.942455	-4.6243963	-176.18388	420000	2.3905436e-08	340.5214	-0.038292855	-53.335114	6.7180233	0.01722751	0.24843334	9.0	9194.149398088455
14	-157.75647	30.078493	-64.255135	-287.7648	60.0	-66.389305	38.94724	27.172516	-186.50594	450000	-9.6639e-09	364.98712	-0.043959886	-54.01523	6.7196593	0.016644906	0.26316667	12.0	9836.797595024109
15	-157.12216	28.239223	-60.020504	-259.31555	60.0	-66.8348	38.879147	8.9698715	-174.38498	480000	-1.6276042e-08	359.12927	-0.03552908	-54.04373	6.674187	0.017149577	0.22226667	8.0	10473.999661445618
16	-158.43127	29.16022	-58.532455	-260.94305	60.0	-66.22698	37.99347	-0.25451183	-169.99696	510000	2.5812785e-08	349.80246	-0.031174343	-51.463654	6.6921744	0.017994057	0.24293333	7.0	11115.05510544777
17	-158.30876	31.46544	-56.80563	-253.63329	60.0	-66.8742	38.971985	25.769253	-174.32935	540000	-1.9582112e-08	349.48154	-0.040458072	-52.788605	6.6523786	0.015875647	0.2511	10.0	11759.742938280106
18	-157.74663	33.597813	-56.623764	-258.69327	60.0	-65.30508	38.514698	-0.40653896	-182.46698	570000	6.1035155e-09	376.70795	-0.04016252	-57.30652	6.6355653	0.017235184	0.24916667	10.0	12405.89534687996
19	-159.17694	29.78559	-60.89175	-291.34363	60.0	-67.73603	39.194637	1.6219273	-175.22765	600000	-2.6448568e-08	361.76328	-0.030961417	-55.88382	6.6289377	0.016778976	0.2315	7.0	13047.864542007446
20	-158.82669	29.106478	-60.482925	-317.7341	60.0	-66.517715	38.96544	-4.5417438	-170.70222	630000	8.646647e-09	362.50662	-0.04171461	-53.205963	6.6077905	0.01697266	0.25063333	11.0	13686.627932548523
21	-156.98476	30.353048	-61.133625	-280.36917	60.0	-66.41859	38.975483	13.281042	-165.84271	660000	-3.0517577e-09	334.93954	-0.03601943	-48.98694	6.6106105	0.017839944	0.2421	8.0	14326.933714151382
22	-157.28047	30.780962	-59.403183	-255.53513	60.0	-65.39691	38.647835	0.097364426	-172.56276	690000	1.9073487e-09	349.821	-0.034700923	-50.78656	6.6112304	0.01739386	0.2265	8.0	14971.203964710236
23	-159.13466	31.001724	-62.362152	-276.52716	60.0	-67.12739	38.794125	6.117219	-166.30556	720000	8.392334e-09	372.2442	-0.034156896	-53.192596	6.5913744	0.016456947	0.22776666	8.0	15614.395323753357
24	-158.21982	28.348381	-56.078358	-249.2555	60.0	-67.23762	39.57773	6.0710773	-169.19081	750000	-3.5603842e-09	312.81046	-0.037868638	-46.938477	6.5674934	0.017427295	0.24553333	9.0	16257.798003435135
25	-156.95277	31.693737	-62.736908	-288.23056	60.0	-66.22256	38.398846	21.017536	-166.27216	780000	1.8310548e-08	372.67166	-0.04168691	-53.308594	6.560199	0.017193701	0.253	11.0	16896.906916618347
26	-157.74278	29.768818	-63.150967	-260.2698	60.0	-66.46453	38.59624	10.544132	-175.7224	810000	7.5276695e-08	362.12387	-0.0379374	-54.11667	6.5478725	0.01714294	0.2385	9.0	17536.358848810196
27	-158.01106	30.127148	-58.207497	-245.00407	60.0	-66.27114	38.571827	-2.6185594	-166.22012	840000	-1.1189779e-08	365.84094	-0.03540064	-51.82022	6.5409265	0.017255846	0.24183333	8.0	18172.590039014816
28	-157.49985	31.126062	-56.04025	-263.02972	60.0	-65.8196	39.065758	55.08473	-168.31851	870000	3.852844e-08	338.90964	-0.03830072	-49.972534	6.514575	0.017402712	0.24923334	9.0	18816.893259048462
29	-158.95479	26.479893	-62.707787	-230.65656	60.0	-67.83553	39.21779	-8.559582	-179.79646	900000	-9.6639e-09	314.76514	-0.041473817	-45.89685	6.5309563	0.016482947	0.27326667	11.0	19457.608945846558
30	-157.81816	31.445871	-61.65046	-250.8532	60.0	-65.613815	39.01173	15.224801	-177.37575	930000	9.155274e-09	351.34384	-0.04551141	-53.037567	6.486485	0.016440501	0.2573	12.0	20100.133021831512
31	-158.00717	31.589746	-60.238457	-304.99548	60.0	-66.40849	38.78678	4.6130714	-164.78745	960000	3.089905e-08	355.7984	-0.03972831	-53.760803	6.455463	0.016251294	0.25796667	10.0	20742.045231103897
32	-158.05331	30.883305	-56.017403	-245.96094	60.0	-65.707436	39.238777	-2.5952907	-177.18755	990000	1.9836426e-08	329.99225	-0.03464901	-48.456635	6.462072	0.017530123	0.23706667	8.0	21382.277622699738
33	-160.4256	29.116407	-64.66994	-261.45212	60.0	-68.66648	39.000374	17.787128	-172.01971	1020000	2.7974446e-08	354.86954	-0.032044962	-54.761597	6.4491234	0.017547246	0.227	7.0	22020.54376602173
34	-159.09451	30.75973	-61.421917	-288.18112	60.0	-66.20685	39.22893	-11.391882	-167.58678	1050000	4.7047934e-08	338.72275	-0.03461632	-47.023438	6.456558	0.01637781	0.25066668	8.0	22662.253972291946
35	-159.51285	29.12086	-61.89262	-257.7046	60.0	-66.581474	39.415245	18.148975	-166.90167	1080000	-5.9191386e-08	329.8144	-0.039843317	-47.464935	6.430254	0.016216835	0.25993332	10.0	23296.567206144333
36	-156.6495	29.618797	-60.505096	-267.23517	60.0	-66.66454	39.222927	-9.086781	-171.2286	1110000	1.4623006e-08	340.33206	-0.037280586	-50.420654	6.423976	0.015868511	0.2547	9.0	23931.610291957855
37	-157.6219	31.321262	-56.11683	-268.12405	60.0	-66.09405	38.559044	-7.9814878	-170.38573	1140000	-4.2215984e-08	345.52826	-0.03725581	-49.287415	6.4094663	0.017574165	0.2435	9.0	24573.38385772705
38	-157.94812	31.627266	-63.660538	-263.98932	60.0	-65.78853	39.021687	-1.4534717	-173.55945	1170000	7.629395e-09	346.59637	-0.04276281	-48.14499	6.4087105	0.016827486	0.28046668	11.0	25215.53139066696
39	-157.78448	30.660206	-56.92211	-261.74603	60.0	-67.27738	39.103508	-5.0883703	-174.2509	1200000	0.0	359.37015	-0.037689954	-54.350403	6.384826	0.016317485	0.24473333	9.0	25857.528208494186
40	-155.99165	29.87685	-61.1356	-251.41353	60.0	-65.35396	38.88596	-8.77766	-174.76811	1230000	-1.1698405e-08	357.17163	-0.04014051	-53.357056	6.3541365	0.017439973	0.2629	10.0	26500.814319849014
41	-159.32925	29.517319	-66.276764	-272.31042	60.0	-65.67025	38.105946	7.47171	-170.2619	1260000	3.8146974e-09	359.8464	-0.031677436	-51.44507	6.3576727	0.016925726	0.23003334	7.0	27138.800441741943
42	-158.74126	30.316162	-63.29243	-280.91458	60.0	-67.991684	38.88027	6.106444	-173.6716	1290000	-3.4586588e-08	365.46826	-0.0345562	-52.668335	6.358609	0.01766187	0.2576	8.0	27779.082328557968
43	-156.82059	30.163393	-62.69046	-260.61688	60.0	-65.15153	38.876953	-10.726091	-171.04623	1320000	-1.93278e-08	340.18716	-0.037141625	-47.532227	6.327786	0.01582261	0.25793332	9.0	28421.03895020485
44	-156.39766	28.19567	-59.72782	-271.09033	60.0	-67.10392	38.89233	-2.1637678	-164.96725	1350000	1.0172526e-09	331.15112	-0.034359448	-49.35678	6.327928	0.01649014	0.2332	8.0	29079.69407105446
45	-156.60034	30.824223	-63.0079	-290.61282	60.0	-64.09916	38.452057	28.31814	-176.62207	1380000	3.1026204e-08	349.099	-0.037531067	-51.171234	6.291951	0.016342014	0.2393	9.0	29738.44078373909
46	-162.1564	29.454231	-62.267906	-270.82175	60.0	-67.211914	38.281822	-1.1332278	-171.21877	1410000	3.8782755e-08	383.41537	-0.034905847	-53.55298	6.2791553	0.016819753	0.239	8.0	30393.11139702797
47	-158.66847	29.255318	-62.51267	-252.4699	60.0	-66.77697	39.57312	-2.6751537	-169.18346	1440000	-1.3987223e-08	335.20392	-0.035005625	-49.48575	6.2853575	0.01628438	0.241	8.0	31051.119799375534
48	-156.488	29.007147	-58.797916	-247.20131	60.0	-67.16455	39.056114	-8.724602	-161.54848	1470000	-2.89917e-08	357.06433	-0.03835683	-52.69342	6.2911444	0.0174248	0.2579	9.0	31711.348181962967
49	-158.13353	28.850813	-60.041836	-278.36105	60.0	-66.36257	38.19247	-9.286252	-175.61826	1500000	-2.0345052e-08	338.33215	-0.034859907	-46.32144	6.2618084	0.017341089	0.24806666	8.0	32367.84934782982
50	-155.56575	30.677876	-60.457703	-250.96056	60.0	-66.025154	38.958733	-8.285002	-178.3087	1530000	1.3478597e-08	325.64935	-0.03440387	-48.661957	6.2138453	0.016582647	0.24213333	8.0	33027.366948604584
51	-155.75072	32.53445	-57.67559	-275.06094	60.0	-64.675644	38.360184	-9.477598	-188.95096	1560000	-2.5431316e-08	355.96255	-0.034539353	-50.8609	6.230284	0.017757973	0.24666667	8.0	33686.59561371803
52	-156.45302	29.51174	-64.60236	-260.7746	60.0	-65.86373	38.430626	2.746439	-165.69955	1590000	2.5431316e-08	332.46326	-0.030951397	-47.560516	6.210435	0.019690344	0.28083333	7.0	34344.34708762169
53	-156.05597	31.269234	-58.436897	-266.01923	60.0	-65.66453	38.458645	-1.3940144	-165.36884	1620000	-3.1026204e-08	326.05627	-0.0339022	-47.122955	6.173726	0.015885288	0.22796667	8.0	35005.89004254341
54	-157.7841	30.056786	-57.70453	-305.90457	60.0	-66.67267	38.811802	-7.349036	-163.91588	1650000	2.6448568e-08	352.0408	-0.030838441	-49.932648	6.1765985	0.018681645	0.24703333	7.0	35661.59392809868
55	-155.57089	31.310955	-62.043537	-244.37604	60.0	-64.79672	38.762955	-2.903576	-166.84706	1680000	5.3914388e-08	329.70947	-0.03957966	-45.0784	6.1731334	0.015278949	0.25126666	10.0	36321.836544036865
56	-157.02826	30.049398	-60.38161	-255.26605	60.0	-66.264915	38.51586	-10.283338	-182.4441	1710000	5.747477e-08	349.86407	-0.039857715	-48.398285	6.1726565	0.016983245	0.26343334	10.0	36979.74499607086
57	-157.65906	29.5343	-60.604786	-260.3445	60.0	-65.93793	38.434586	-11.744406	-177.95738	1740000	-1.4750163e-08	346.96744	-0.03891996	-47.801758	6.140751	0.017447876	0.26303333	10.0	37637.44904732704
58	-158.50642	29.867565	-59.69301	-248.88278	60.0	-65.69158	38.987495	23.37488	-174.69455	1770000	2.8864543e-08	319.46207	-0.03691349	-43.5607	6.1299615	0.016937887	0.23093334	9.0	38296.9029853344
59	-156.8336	31.92581	-59.72882	-269.87234	60.0	-66.18559	39.09377	-11.414311	-170.71176	1800000	0.0	335.67905	-0.03906097	-42.156982	6.1345663	0.01533763	0.25113332	10.0	38954.93228840828
60	-157.05132	28.16059	-62.05859	-278.79593	60.0	-66.68492	38.902584	-12.406454	-171.07947	1830000	1.0172526e-08	318.5628	-0.037564043	-45.024963	6.108976	0.01682261	0.25316668	9.0	39604.401304483414
61	-157.66571	28.663847	-58.45757	-257.85703	60.0	-66.32383	37.98898	-8.822484	-183.82985	1860000	-1.5767416e-08	337.48346	-0.036003657	-45.276367	6.1177125	0.016814895	0.23943333	9.0	40248.74923014641
62	-157.0141	28.592638	-59.359695	-255.85794	60.0	-65.71709	38.703854	-8.982578	-165.61761	1890000	3.827413e-08	314.14053	-0.03479823	-41.72943	6.1254773	0.015683154	0.22703333	8.0	40891.712013959885
63	-157.75816	30.788437	-55.67045	-256.22177	60.0	-65.74727	38.875416	-12.9130125	-192.68604	1920000	-5.086263e-09	350.1029	-0.033569258	-47.20233	6.0823493	0.015033336	0.22533333	8.0	41536.104459524155
64	-156.14687	31.243036	-58.496727	-320.26187	60.0	-65.73528	39.07954	-10.86204	-167.22737	1950000	-2.0345052e-09	340.99286	-0.033204783	-41.38852	6.101798	0.016084524	0.23603334	8.0	42182.49516916275
65	-157.51471	27.946228	-60.53472	-232.9701	60.0	-66.5227	38.526714	-10.099126	-173.33412	1980000	2.0345052e-08	301.25732	-0.033775266	-43.275055	6.0774574	0.01632042	0.26146665	8.0	42826.38943839073
66	-158.3731	29.460873	-56.45911	-270.41843	60.0	-66.204765	38.69552	-6.376873	-172.51869	2010000	2.9500326e-08	325.09653	-0.03062431	-46.086212	6.0722265	0.016562445	0.21323334	7.0	43469.73908853531
67	-156.88011	31.250198	-62.548004	-262.94052	60.0	-65.73741	39.15144	-5.626032	-164.47417	2040000	-4.348755e-08	322.08716	-0.036156412	-44.3273	6.042252	0.018098546	0.25026667	9.0	44115.840806007385
68	-156.66719	30.035986	-63.077	-254.28616	60.0	-65.69277	38.602684	-2.0242743	-179.57689	2070000	2.746582e-08	358.4093	-0.03546991	-48.865295	6.019001	0.016509144	0.22616667	8.0	44761.289544820786
69	-155.50328	30.602188	-62.33924	-244.03229	60.0	-64.64947	38.43112	-10.1977825	-165.0675	2100000	-4.0944418e-08	333.8724	-0.033507824	-47.566345	6.0397105	0.017280638	0.23686667	8.0	45407.459352731705
70	-158.54643	30.134287	-58.30664	-248.60457	60.0	-66.60279	38.589542	-5.761738	-166.24667	2130000	-1.3224284e-08	330.06488	-0.036655024	-45.92621	6.027051	0.017057676	0.2555	9.0	46049.39318680763
71	-157.17964	30.159916	-60.791042	-283.60663	60.0	-65.794365	39.711098	14.961844	-174.71507	2160000	-1.9836426e-08	333.45016	-0.041747417	-47.438354	6.0217614	0.016508836	0.28226668	11.0	46695.46141719818
72	-156.62689	29.65213	-61.44913	-273.78525	60.0	-65.93049	38.29786	3.3251338	-173.91757	2190000	9.155274e-09	327.75967	-0.03875841	-45.07611	6.027246	0.016098559	0.26453334	10.0	47339.57276582718
73	-157.06613	29.112024	-60.704433	-276.50793	60.0	-66.13871	38.898804	-0.8237057	-173.95923	2220000	6.1035155e-09	329.06573	-0.040466856	-45.53067	6.022779	0.017208876	0.2504	10.0	47981.000400304794
74	-157.9668	31.662594	-56.420742	-272.99484	60.0	-65.586525	38.778748	14.26622	-162.22527	2250000	-2.5939942e-08	351.76373	-0.032058112	-43.779022	5.997175	0.017299248	0.21726666	7.0	48626.35379385948
75	-155.7548	31.0806	-56.82502	-282.78833	60.0	-64.95962	38.811314	-8.361389	-183.50398	2280000	1.5767416e-08	352.3938	-0.03831535	-52.582855	5.967435	0.015818065	0.25486666	10.0	49273.520382881165
76	-156.69884	30.286266	-61.342247	-268.0394	60.0	-65.38818	38.4447	-9.317425	-160.5052	2310000	4.2215984e-08	316.67407	-0.03060246	-41.23462	5.929525	0.015353233	0.2339	7.0	49922.30507206917
77	-155.27533	29.481327	-55.05787	-268.28745	60.0	-65.46574	38.94723	-8.979819	-170.15884	2340000	-2.1998087e-08	324.3256	-0.03711878	-43.17221	5.9295373	0.017079921	0.25693333	9.0	50567.65337014198
78	-154.86774	32.80915	-61.58144	-302.43152	60.0	-64.44622	38.245182	5.783851	-170.6506	2370000	-9.155274e-09	342.42007	-0.036692165	-46.62268	5.9356976	0.018822825	0.27006668	9.0	51217.99197649956
79	-158.16696	31.067034	-58.285347	-279.868	60.0	-65.58735	38.651405	-2.4393983	-168.42867	2400000	5.493164e-08	336.14102	-0.034691337	-44.17395	5.9151707	0.014839683	0.22836667	8.0	51860.76947450638
80	-154.13394	30.361494	-57.914886	-225.59343	60.0	-65.215805	39.474094	1.7121639	-169.96332	2430000	5.569458e-08	282.41174	-0.03385002	-38.82257	5.9284334	0.01569261	0.23656666	8.0	52502.027730464935
81	-155.63806	28.429163	-63.9187	-265.18414	60.0	-65.185844	38.576843	-0.42700148	-178.05333	2460000	-5.79834e-08	328.92194	-0.038334295	-46.946655	5.8921304	0.015311079	0.2357	10.0	53149.613731861115
82	-153.96982	30.490005	-56.64305	-235.72258	60.0	-65.000374	38.091766	-2.984336	-165.74568	2490000	5.6966147e-08	319.54254	-0.034661196	-41.782013	5.9086075	0.016236031	0.24013333	8.0	53798.805166721344
83	-155.15648	30.234192	-57.601334	-292.82846	60.0	-64.48935	38.01829	25.199482	-181.72061	2520000	2.89917e-08	319.79584	-0.035586607	-45.398376	5.866749	0.01849174	0.2555	8.0	54448.97608923912
84	-155.85506	27.808779	-63.53469	-257.51715	60.0	-65.5287	38.21204	16.260708	-160.8673	2550000	-6.815593e-08	307.9371	-0.029032344	-43.65567	5.8615584	0.015485854	0.22526667	6.0	55096.899060726166
85	-155.64175	30.046122	-56.163055	-235.1853	60.0	-64.64842	38.29037	-3.4888842	-170.7488	2580000	1.4241537e-08	299.90692	-0.036998108	-40.107513	5.860082	0.016985988	0.2431	9.0	55744.33684062958
86	-154.80698	28.618149	-64.99771	-241.48837	60.0	-64.96155	38.52425	50.691742	-168.88846	2610000	-5.086263e-09	313.2892	-0.037862018	-45.144257	5.8511686	0.016876511	0.26526666	9.0	56392.34716320038
87	-155.5603	30.629543	-58.499744	-256.15228	60.0	-64.098434	38.40771	-12.517372	-164.22946	2640000	-7.324219e-08	328.76685	-0.03565742	-44.717743	5.844777	0.01573856	0.24846667	9.0	57039.92524957657
88	-154.2204	30.248255	-61.95856	-289.62634	60.0	-64.490166	38.61374	-14.448278	-169.57413	2670000	8.138021e-09	305.79626	-0.042226035	-41.81369	5.847612	0.01617648	0.26343334	11.0	57688.37279963493
89	-154.7103	31.145521	-64.364334	-308.86533	60.0	-65.0282	38.401535	-12.4060135	-170.60571	2700000	-2.339681e-08	313.77634	-0.037753996	-42.907837	5.802154	0.016414685	0.25066668	10.0	58334.02104759216
90	-157.47923	30.93048	-57.02967	-363.37485	60.0	-65.02964	38.54901	-9.204808	-172.38878	2730000	-3.153483e-08	341.97986	-0.03675949	-45.77533	5.785725	0.017296515	0.24066667	9.0	58979.29159784317
91	-155.55882	29.207863	-62.84853	-249.55884	60.0	-65.47439	39.47699	-9.478206	-166.82892	2760000	1.6784668e-08	306.94843	-0.039305527	-44.940796	5.7793064	0.01613599	0.24503334	10.0	59626.06970214844
92	-154.55844	28.82672	-62.67687	-254.82982	60.0	-65.36795	38.133804	22.466791	-173.9119	2790000	4.0690105e-09	313.749	-0.041097287	-46.247314	5.782498	0.01766641	0.26186666	10.0	60274.72475576401
93	-154.68042	29.8539	-66.09406	-242.25117	60.0	-63.851482	38.179817	-9.083227	-171.22209	2820000	-5.086263e-09	293.96466	-0.034447894	-43.91992	5.780696	0.016456883	0.22713333	8.0	60921.24862718582
94	-155.8329	28.936258	-59.37644	-278.65915	60.0	-65.50713	38.31043	-4.501909	-156.68423	2850000	-1.0172526e-08	297.0992	-0.033675067	-39.017	5.73627	0.016757544	0.2479	8.0	61567.43880200386
95	-156.82634	27.515982	-60.420235	-235.95396	60.0	-65.02447	38.853973	5.426359	-168.17462	2880000	9.155274e-09	322.4662	-0.043187145	-43.234955	5.754243	0.015621609	0.2741	12.0	62212.701642513275
96	-158.22282	26.691456	-60.973564	-258.7423	60.0	-66.24923	37.884075	-12.411888	-174.15036	2910000	2.0345052e-08	323.67935	-0.03047356	-42.635773	5.750606	0.018135244	0.24803333	7.0	62855.509321928024
97	-154.84312	29.672178	-65.62969	-232.62105	60.0	-64.88022	38.22931	-8.755476	-172.09962	2940000	-3.153483e-08	306.49133	-0.036699392	-39.522125	5.699664	0.017134147	0.24416667	9.0	63498.25218844414
98	-156.49937	28.633263	-56.857426	-248.82076	60.0	-65.254745	38.834354	-12.845936	-169.32735	2970000	-2.0345052e-08	301.40472	-0.037628457	-40.230865	5.7018595	0.018106168	0.26153332	9.0	64138.878447532654
99	-153.45131	31.883377	-61.922493	-274.30267	60.0	-64.29339	38.649914	-12.747068	-166.067	3000000	-2.0345052e-08	311.77515	-0.03332069	-45.102814	5.7119355	0.017858386	0.24223334	8.0	64787.72840428352
