Epoch	AverageEpRet	StdEpRet	MaxEpRet	MinEpRet	EpLen	AverageVVals	StdVVals	MaxVVals	MinVVals	TotalEnvInteracts	LossPi	LossV	DeltaLossPi	DeltaLossV	Entropy	KL	ClipFrac	StopIter	Time
0	-13.309557	1.2146108	-11.700934	-14.828043	119.6	-16.45945	3.6467464	7.311534	-22.28362	600	-1.7325084e-07	59.63052	-0.10512327	-40.36136	12.718633	0.10035835	0.62666667	5.0	54.50652098655701
1	-14.451082	0.24438335	-14.114018	-14.850082	120.0	-12.997454	2.400263	-4.391888	-25.57019	1200	3.973643e-09	4.755991	-0.14385188	-3.9313478	12.913323	0.011302464	0.94166666	79.0	107.4863510131836
2	-14.475725	0.29674447	-14.040476	-14.870959	120.0	-13.461057	1.8887768	3.2313497	-21.539522	1800	2.1457673e-08	4.900911	-0.11191182	-4.587992	12.634896	0.025158124	0.955	79.0	161.47200083732605
3	-14.531705	0.4160677	-14.080031	-15.06563	120.0	-14.681724	1.3822916	-5.642248	-21.679016	2400	-1.4146168e-07	1.903553	-0.098351344	-1.6966598	12.770909	0.08551299	0.75166667	12.0	214.05582189559937
4	-12.39209	3.9616017	-4.4763765	-14.489953	120.0	-12.253932	5.720339	5.8552284	-22.401905	3000	1.2715658e-08	2.3718472	-0.09670594	-2.19833	12.697157	0.106772006	0.6933333	6.0	267.34776735305786
5	-14.106433	0.22924665	-13.884086	-14.542794	120.0	-15.490495	1.645945	-3.3958998	-22.151676	3600	-7.708867e-08	3.076012	-0.093308605	-2.7779808	12.751639	0.08075554	0.7266667	13.0	319.44430017471313
6	-14.154864	0.17979813	-13.824176	-14.36616	120.0	-15.75801	0.8851956	-9.559762	-20.30199	4200	-9.536743e-09	10.013666	-0.08410063	-5.619379	12.826014	0.109071985	0.58166665	6.0	371.68988156318665
7	-11.663389	3.16181	-6.7277727	-14.244765	108.0	-12.456554	4.96692	2.633942	-21.602179	4800	-2.5431316e-08	25.406355	-0.11923453	-23.721317	12.822887	0.093296535	0.68833333	7.0	424.6344521045685
8	-14.409991	0.35923222	-14.066036	-15.061842	120.0	-13.561393	1.8509276	-5.5856647	-19.669891	5400	-1.04904174e-07	5.8019996	-0.14615092	-5.5057197	12.902247	-0.03992743	0.97	79.0	478.0436165332794
9	-14.259157	0.16424179	-14.122064	-14.572738	120.0	-14.891735	0.9862483	-2.7888439	-20.378029	6000	9.536743e-08	1.243386	-0.07248201	-1.0756224	12.847898	0.09084093	0.59833336	6.0	530.98180103302
10	-12.318031	3.4924688	-5.3508525	-14.5071535	120.0	-12.481604	5.9783797	11.990051	-23.651443	6600	-2.2649765e-08	5.3510084	-0.09271114	-5.266822	12.767649	0.08301267	0.6433333	11.0	585.1263103485107
11	-13.027235	2.9924688	-7.054347	-14.768022	120.0	-13.613572	5.1693172	4.8755627	-20.557802	7200	-2.5749208e-07	6.6723204	-0.0902744	-6.417105	12.884585	0.08991071	0.655	8.0	637.7720999717712
12	-11.492828	5.2943993	-0.9104345	-14.486129	120.0	-12.323473	6.686944	3.0950022	-20.455788	7800	1.7166138e-07	3.2971733	-0.094449736	-3.155249	12.875097	-0.057450783	0.9266667	79.0	692.0315792560577
13	-9.775271	5.60371	-1.6058319	-14.788362	120.0	-10.576496	7.119768	7.855318	-19.401466	8400	-1.9868216e-08	4.187547	-0.096825644	-3.98983	12.56339	0.10201289	0.6666667	8.0	746.1528568267822
14	-6.781807	5.8285303	-1.0346739	-13.803378	104.6	-9.17236	8.233841	3.0108619	-21.09389	9000	-2.3444494e-08	10.79018	-0.08145046	-9.973166	12.67508	0.11936967	0.6333333	5.0	800.7185428142548
15	-14.266553	0.36391184	-13.662764	-14.644944	120.0	-15.411073	1.7159777	-7.2611904	-21.920504	9600	-1.056989e-07	4.756629	-0.09019611	-3.3031142	12.644309	0.10367111	0.6616667	5.0	853.2308168411255
16	-11.392219	5.468759	-0.4783212	-14.72634	120.0	-11.747134	6.2906938	5.721766	-22.892427	10200	-2.22524e-08	4.8035583	-0.11049497	-4.3841205	12.738459	0.07599373	0.835	25.0	906.493586063385
17	-11.521243	4.242093	-4.2445517	-15.110782	120.0	-11.866416	5.187033	5.8502455	-21.226315	10800	6.357829e-08	16.831844	-0.117589995	-16.082851	12.623766	0.094989926	0.75166667	7.0	959.2850315570831
18	-14.072966	0.17485973	-13.851221	-14.365421	120.0	-15.487342	0.78261876	-9.897141	-20.32388	11400	-6.039937e-08	0.83600044	-0.085685395	-0.76636475	12.90633	-0.019440765	0.805	79.0	1012.7430729866028
19	-12.690857	3.7531621	-5.194048	-14.790232	120.0	-12.985991	5.709227	2.1493464	-20.33247	12000	-4.45048e-08	1.7927608	-0.079104714	-1.6343555	12.684121	0.081748836	0.5966667	11.0	1065.7737379074097
20	-12.305839	2.1826136	-9.397461	-14.388366	116.8	-13.088174	5.6867375	3.8109143	-21.34741	12600	-6.67572e-08	19.626125	-0.110272415	-14.54389	12.897294	0.09206138	0.66	7.0	1119.3945677280426
21	-9.13047	6.2333026	-1.1712483	-14.434713	120.0	-8.549783	6.888054	4.091354	-18.500038	13200	3.8146972e-08	7.336419	-0.091016285	-6.7747993	12.921984	0.09584137	0.6483333	5.0	1174.2453830242157
22	-12.095639	3.7750065	-4.747803	-15.397187	120.0	-8.916401	5.03896	2.8266242	-19.746054	13800	8.742015e-08	13.9035225	-0.14236438	-13.0876045	12.822268	0.08740667	0.84	13.0	1226.1338682174683
23	-14.12578	0.48630503	-13.214485	-14.667733	120.0	-13.98019	1.982118	-4.2310147	-21.110733	14400	1.1920929e-07	3.6428142	-0.1190556	-3.2540143	12.73956	0.08566209	0.76	10.0	1278.732190132141
24	-10.054636	5.15306	-3.5283961	-14.601064	120.0	-10.044954	6.32221	2.2290375	-18.609575	15000	1.04904174e-07	4.490213	-0.11126947	-4.2088027	12.788476	0.090166114	0.7366667	8.0	1332.7357640266418
25	-14.849658	1.1412623	-14.067759	-17.110708	120.0	-14.861715	1.3774273	-4.8556256	-19.917837	15600	7.78834e-08	5.0059395	-0.11986511	-4.2290583	12.689027	-0.028204864	0.92833334	79.0	1385.9916718006134
26	-14.229544	0.30723986	-13.845076	-14.783584	120.0	-15.941425	1.1850985	-9.982285	-22.301455	16200	-2.6226044e-08	1.4040769	-0.09505441	-1.331722	12.817374	0.0760843	0.7266667	23.0	1439.050623178482
27	-11.091072	5.236117	-0.8492002	-14.482138	120.0	-11.402866	7.3016825	2.5742404	-22.616285	16800	-2.1855037e-08	12.300875	-0.118511304	-12.184708	12.824106	-0.028572708	0.97	79.0	1492.313598871231
28	-9.465516	6.018755	-1.0950446	-14.642686	120.0	-10.151803	7.8031015	5.249669	-19.947914	17400	1.9073486e-08	3.1415205	-0.10624228	-2.76439	12.625543	0.083067514	0.75166667	9.0	1546.4914844036102
29	-13.716191	2.3435907	-9.2466	-16.198326	120.0	-15.711803	3.9162743	0.95957685	-22.839811	18000	7.470449e-08	17.183855	-0.09609599	-16.599062	12.810734	0.10885546	0.71166664	5.0	1598.6091268062592
30	-12.022011	4.9010143	-2.2471163	-14.9860735	102.0	-16.277985	2.1473663	-1.8654809	-22.388365	18600	-3.695488e-08	12.21375	-0.079575546	-11.453191	12.820758	0.11281024	0.6716667	6.0	1651.277310371399
31	-12.561846	3.4681869	-5.635745	-14.657868	120.0	-14.135713	5.6464143	6.9684954	-20.174047	19200	3.6557516e-08	9.040794	-0.08869134	-7.3808775	12.68472	0.098382466	0.62833333	7.0	1704.7085402011871
32	-12.258848	3.5521078	-5.1705456	-14.48491	120.0	-13.2526455	5.3815455	3.924925	-20.925648	19800	2.1060307e-08	4.0109105	-0.10783209	-3.7271857	12.777205	0.086459	0.6666667	10.0	1758.3222954273224
33	-10.269827	5.3169675	-1.2975918	-15.200525	120.0	-11.473538	5.9159455	0.19590127	-24.182772	20400	-2.22524e-08	5.9921055	-0.11130529	-5.456982	12.888193	0.111325584	0.7033333	7.0	1811.1904094219208
34	-8.145258	5.271363	-0.8942047	-14.36984	109.8	-10.006138	5.9699736	3.248957	-20.812191	21000	-5.086263e-08	14.91856	-0.10125491	-13.325102	12.799132	0.11472549	0.66833335	6.0	1865.4554500579834
35	-11.791723	5.0400014	-1.8443521	-15.567111	120.0	-10.053589	5.3215566	0.016167998	-23.606943	21600	-1.5894572e-09	10.154166	-0.13919385	-9.710414	12.587269	-0.097364016	0.9716667	79.0	1919.4551498889923
36	-13.431143	1.8932667	-9.668545	-14.737228	120.0	-13.148057	4.0064497	-0.06823844	-19.368174	22200	-8.0664954e-08	5.0581036	-0.1070054	-4.3512626	12.768397	0.054989427	0.82666665	79.0	1972.5954806804657
37	-8.412359	5.4323444	-1.5263699	-15.160944	120.0	-9.064622	5.5459847	2.527083	-20.216442	22800	-4.053116e-08	11.757504	-0.12287505	-11.538968	12.708713	0.08639187	0.735	9.0	2027.1521379947662
38	-13.0657625	2.8055615	-7.483069	-14.991455	120.0	-13.405563	4.67491	5.8493214	-20.522928	23400	-1.11262e-08	12.171564	-0.10138214	-9.07574	12.673378	0.10852598	0.64666665	8.0	2079.8567435741425
39	-10.434908	5.79159	-1.474968	-15.904153	120.0	-10.389169	4.713969	-0.5809058	-24.162725	24000	-6.198883e-08	6.005499	-0.11979412	-5.0437956	12.884236	0.09141335	0.75333333	8.0	2133.690536737442
40	-11.982619	5.463654	-1.0565135	-14.814639	120.0	-12.846574	4.7940288	-1.1938784	-20.158424	24600	6.834666e-08	1.6596926	-0.098786294	-1.5264094	12.820887	0.07836324	0.6816667	12.0	2187.8329405784607
41	-8.131738	5.401553	-1.182866	-14.486045	120.0	-9.287002	5.648983	3.20436	-20.67804	25200	9.536743e-08	4.129356	-0.11112734	-4.0003715	12.684571	0.09948621	0.7216667	7.0	2242.766743659973
42	-15.202936	1.7435012	-14.078749	-18.671265	120.0	-16.157324	0.7784437	-11.098811	-20.199848	25800	-1.0331472e-07	1.5592476	-0.12083383	-1.1102417	12.719971	0.005427529	0.9533333	79.0	2296.137174129486
43	-12.009346	5.1100035	-1.8704268	-15.748836	102.0	-16.271637	2.2919855	2.2598734	-21.908356	26400	-1.847744e-08	9.168436	-0.073417075	-6.7781343	12.4708	0.10185291	0.60833335	5.0	2348.617029428482
44	-12.915166	3.8773139	-5.9305778	-17.554338	120.0	-13.639192	5.100234	3.397605	-21.838255	27000	-1.780192e-07	9.733691	-0.13599955	-9.487948	12.698966	-0.014365139	0.9683333	79.0	2401.4537241458893
45	-11.65885	5.0631304	-1.5419962	-14.366949	120.0	-13.635535	5.6880174	2.8141272	-21.735891	27600	-2.5431316e-08	2.7432246	-0.09099672	-2.2292295	12.599192	0.089867786	0.70666665	12.0	2454.7921690940857
46	-12.992755	4.087552	-4.8898277	-15.885125	120.0	-13.643232	5.2313895	0.9230109	-23.172472	28200	4.2915346e-08	7.6765513	-0.08718466	-7.476776	12.686792	0.09381461	0.6716667	7.0	2507.263006210327
47	-10.935733	4.370739	-4.744358	-14.659014	120.0	-10.853071	7.0696	14.745598	-21.483212	28800	-1.7484028e-08	5.232674	-0.08620506	-5.0270014	12.639363	0.10756307	0.675	6.0	2560.8349039554596
48	-14.471277	0.34816355	-14.038567	-15.067552	120.0	-16.197971	1.8551084	-2.3892655	-21.616987	29400	2.3841857e-09	4.653434	-0.07271412	-3.9618466	12.735014	0.07988135	0.57	9.0	2613.3257355690002
49	-14.359401	0.21072373	-13.979814	-14.556645	120.0	-16.29961	0.71531314	-10.654835	-22.171528	30000	-8.205573e-08	0.5678005	-0.06564204	-0.5141058	12.673471	0.093586415	0.605	7.0	2665.967910528183
50	-14.509024	0.50321364	-13.923172	-15.213625	120.0	-16.414312	1.5674583	-7.1531177	-23.386013	30600	5.5631e-09	3.8057113	-0.09153691	-2.4143767	12.733041	0.089181915	0.67333335	10.0	2719.205453634262
51	-12.259565	4.456572	-3.3554971	-14.861541	120.0	-13.843833	4.1977863	1.3184044	-20.903803	31200	-5.5631e-09	4.0525475	-0.09381958	-3.9290373	12.833682	0.08952563	0.67	11.0	2772.3721961975098
52	-14.493172	0.18812571	-14.276985	-14.774912	120.0	-16.137493	0.6762646	-11.849991	-20.791918	31800	-4.45048e-08	0.5268291	-0.071495615	-0.47681835	12.721609	0.07968264	0.55833334	11.0	2824.9000103473663
53	-14.150861	0.22638974	-13.840645	-14.4123335	120.0	-16.283447	0.6116266	-10.055551	-21.720413	32400	-7.8678134e-08	0.44108576	-0.07407796	-0.40219155	12.707577	0.008084127	0.83	79.0	2878.4971408843994
54	-9.14771	6.601848	-0.8129828	-15.145641	120.0	-10.591629	7.271751	4.4425206	-20.825212	33000	-1.2715658e-07	1.0536084	-0.090818025	-0.99845845	12.627715	0.08903129	0.625	11.0	2933.319402217865
55	-10.243765	4.2898	-4.2169805	-14.228365	119.0	-11.406042	6.412057	2.410519	-19.543318	33600	8.742015e-08	27.032412	-0.096152104	-24.884129	12.8130245	0.10460956	0.61833334	4.0	2986.8111975193024
56	-13.001427	2.831382	-7.3892765	-14.960345	118.0	-12.747935	5.5371213	4.7305007	-19.769861	34200	5.165736e-08	18.246355	-0.11497627	-16.10898	12.745126	0.082408704	0.705	9.0	3039.286537885666
57	-12.455412	5.065212	-2.4146433	-16.111074	120.0	-10.897589	5.4563026	0.1806013	-19.328182	34800	-1.3510387e-08	11.438012	-0.118285924	-8.91523	12.666292	0.101456806	0.705	7.0	3092.011207818985
58	-11.897763	5.115505	-1.7308693	-15.509469	120.0	-9.874461	5.1617336	7.8422756	-18.191301	35400	-9.8546344e-08	8.906834	-0.11339917	-5.410565	12.7698555	0.093437314	0.73833334	10.0	3145.2989053726196
59	-12.091661	4.889501	-2.3175106	-14.676957	120.0	-8.993337	4.535774	0.97551626	-18.234274	36000	-3.973643e-08	3.123299	-0.10888503	-2.4075708	12.794839	0.085534096	0.67	8.0	3198.958681344986
60	-13.525264	1.2843863	-11.136608	-14.888936	120.0	-9.841195	4.1314545	2.0970476	-19.236923	36600	7.9870226e-08	28.216784	-0.12208025	-19.582428	12.737528	0.08439735	0.75	10.0	3252.0053100585938
61	-14.263573	0.56273395	-13.714446	-15.297801	120.0	-9.879306	2.0544097	-1.5118326	-16.682892	37200	1.223882e-07	10.577556	-0.12625217	-9.77097	12.727142	0.08038151	0.7816667	12.0	3303.7996118068695
62	-13.193395	2.8051553	-7.6194367	-15.124658	120.0	-9.823975	4.8132095	4.7143755	-19.020111	37800	4.1325887e-08	9.967526	-0.100574575	-9.215974	12.683557	0.08092076	0.715	6.0	3355.78111577034
63	-14.335696	0.28636658	-13.832423	-14.660672	120.0	-12.800248	1.1140043	-6.847255	-19.680079	38400	1.4305115e-07	2.2461288	-0.10728562	-1.6761613	12.698016	0.08734101	0.67	9.0	3407.9549839496613
64	-14.629442	1.0138606	-13.220919	-16.271885	120.0	-13.770045	1.624008	-2.9303849	-19.373281	39000	2.7020773e-08	3.194736	-0.1069769	-2.8379784	12.660041	0.07885492	0.75333333	13.0	3459.4618837833405
65	-12.671351	4.0740385	-4.5465045	-15.173138	120.0	-12.780036	3.628868	1.8756561	-22.201557	39600	4.9273172e-08	3.527618	-0.10791382	-3.3185375	12.756806	0.09623058	0.6983333	10.0	3512.406126499176
66	-12.979459	2.8431747	-7.2978883	-14.576073	120.0	-12.51304	5.2602444	11.469925	-19.042997	40200	-3.1789146e-08	9.128736	-0.08551983	-8.654609	12.68816	0.10383222	0.5933333	6.0	3565.047006368637
67	-12.211348	3.5038137	-5.50293	-14.796685	116.8	-12.552935	4.5556884	1.5253301	-20.54965	40800	-3.2981237e-08	19.46195	-0.10240133	-12.882719	12.882499	0.10910988	0.6766667	5.0	3617.56632065773
68	-13.070509	4.2635922	-4.6403713	-16.188007	120.0	-11.665369	4.480108	2.3399973	-18.38887	41400	-4.7683717e-08	6.8767	-0.097159415	-6.5430727	12.910492	0.08502183	0.7133333	11.0	3669.879549264908
69	-11.574471	5.315962	-1.5825343	-16.489048	120.0	-11.482164	5.8152714	0.33177507	-20.686768	42000	7.311503e-08	18.010904	-0.09395624	-6.6346674	12.794634	0.101538114	0.62333333	5.0	3722.637398481369
70	-14.5491085	0.31596324	-14.054166	-15.004861	120.0	-13.350554	1.6612146	1.0797303	-20.769096	42600	5.5631002e-08	14.350367	-0.08325663	-8.142344	12.818827	0.0997067	0.605	6.0	3775.6551542282104
71	-10.217266	4.75841	-2.180047	-14.113134	109.4	-9.485003	4.813891	3.5627835	-18.88893	43200	1.9113223e-07	24.199356	-0.114289746	-18.722416	12.775959	0.10595925	0.69666666	7.0	3828.46945977211
72	-11.118223	3.4563768	-5.8861985	-14.631729	99.6	-7.3719044	3.6266897	6.42714	-15.248394	43800	2.22524e-08	13.707139	-0.12656648	-7.8002753	12.862048	0.096250184	0.71	10.0	3880.4144957065582
73	-12.779416	1.8284932	-10.353092	-15.187909	112.2	-6.282749	3.726619	5.4131565	-16.2233	44400	5.9604646e-09	13.989025	-0.120246135	-10.760595	12.918832	0.08612377	0.68	7.0	3932.321312189102
74	-12.42605	4.1330414	-4.3344293	-15.443683	120.0	-5.286633	4.4015183	7.065651	-20.07571	45000	7.947286e-08	8.423747	-0.1342076	-7.2443366	12.603649	0.08672383	0.83	12.0	3984.6526544094086
75	-11.152945	4.789049	-2.418923	-15.24297	120.0	-3.302801	4.3235855	8.11203	-16.259418	45600	9.497007e-08	8.475288	-0.14507043	-6.316389	12.752278	0.075929314	0.895	28.0	4037.791307449341
76	-12.07028	4.8360696	-2.4044077	-14.628359	120.0	-3.7199838	3.777047	6.772932	-11.973709	46200	2.0980835e-07	7.686063	-0.11760272	-6.3070836	12.888824	0.08544693	0.635	8.0	4091.0106995105743
77	-11.359011	3.2812607	-6.7145476	-14.766187	118.2	-6.541561	3.455568	1.4064907	-16.76396	46800	-1.223882e-07	9.771534	-0.1391151	-8.751475	12.773818	0.082894616	0.85833335	15.0	4143.84922003746
78	-11.801519	5.2437387	-1.3336786	-14.83685	120.0	-6.3921633	3.108154	2.242389	-15.164379	47400	-7.470449e-08	4.4337354	-0.13481356	-2.9903927	12.834347	0.08120134	0.7966667	12.0	4196.727342844009
79	-10.492546	4.907505	-3.957958	-14.952979	120.0	-5.902535	3.593147	4.1391826	-14.979639	48000	1.11262e-08	6.705635	-0.12848718	-6.202609	12.890484	0.0906661	0.74333334	7.0	4249.627812623978
80	-11.385519	3.9814157	-5.269293	-15.760177	116.4	-7.988392	3.3974211	0.80051184	-17.472408	48600	-3.973643e-08	12.514672	-0.14171003	-8.119372	12.808066	0.08919496	0.77666664	10.0	4303.34960770607
81	-14.621729	0.6323977	-13.980746	-15.660587	120.0	-8.624709	2.027271	1.547255	-17.123674	49200	-1.4066696e-07	5.9486117	-0.113695055	-4.6767273	12.743355	0.09232647	0.71666664	9.0	4354.723077774048
82	-14.6510315	0.8717257	-13.803974	-16.279203	120.0	-10.331219	2.0809097	-2.5017233	-17.95942	49800	8.90096e-08	6.064838	-0.11408622	-3.6248624	12.636995	0.08316774	0.73833334	15.0	4406.533255577087
83	-10.286903	3.9286354	-5.059712	-14.38763	120.0	-7.9399233	3.9149487	3.872365	-18.553272	50400	-1.303355e-07	9.0037985	-0.12735301	-7.44651	12.7663355	0.08687578	0.745	8.0	4459.9166786670685
84	-12.296171	3.3670955	-6.1201468	-16.075977	107.6	-7.6856503	3.134084	-0.3639149	-17.056013	51000	-3.973643e-08	9.193673	-0.12791239	-6.932408	12.801432	0.08320877	0.75166667	11.0	4512.8269464969635
85	-12.005712	2.6554956	-7.2582645	-14.709704	116.4	-5.991888	2.933196	1.2197943	-16.608257	51600	-6.039937e-08	9.780952	-0.14392994	-6.9787974	12.74069	0.07522623	0.90833336	27.0	4566.432881116867
86	-14.201212	1.6905415	-10.873522	-15.413275	120.0	-6.3378325	2.4842231	1.3849795	-14.0833	52200	5.8809917e-08	9.197044	-0.12525815	-7.1504183	12.671737	0.07935154	0.7033333	8.0	4618.543441772461
87	-13.232214	2.8346434	-7.5901804	-15.088302	110.4	-7.786431	2.2108142	0.41146496	-15.707267	52800	-5.5631002e-08	9.903543	-0.10955969	-6.385235	12.805307	0.088215835	0.6666667	7.0	4671.832462072372
88	-14.55295	0.93080574	-13.524991	-16.156696	120.0	-8.878183	2.5920672	1.2415988	-15.844768	53400	2.2490819e-07	8.177251	-0.10150272	-6.187042	12.537614	0.08390897	0.65	7.0	4724.771904230118
89	-14.357694	1.0957726	-12.371041	-15.696876	119.6	-10.103783	2.2339973	-0.92458683	-17.005594	54000	-1.502037e-07	9.327102	-0.11679645	-4.0340905	12.771525	0.092029504	0.67	9.0	4776.75860118866
90	-13.505986	1.2240674	-11.836924	-14.955937	114.8	-9.845798	2.5127656	1.3056209	-16.54616	54600	2.6861827e-07	13.531896	-0.12293376	-5.2379894	12.708344	0.09051633	0.70166665	11.0	4830.400356769562
91	-13.77323	1.4389356	-10.944405	-14.815445	120.0	-9.299277	2.6936283	1.5746157	-16.952785	55200	1.7642975e-07	8.866958	-0.1121578	-5.7538147	12.69219	0.100133374	0.6933333	10.0	4883.15012550354
92	-11.684226	3.9420984	-4.345547	-14.72783	115.6	-8.538617	3.9271545	2.7706497	-17.831652	55800	-1.2636184e-07	9.787879	-0.11585477	-7.5626154	12.858156	0.09199917	0.66333336	7.0	4936.13020658493
93	-8.224839	5.4789457	-1.3116754	-14.4252205	118.2	-4.8490334	4.2172446	3.7301698	-16.378551	56400	-4.7683717e-08	9.572728	-0.12231128	-8.850985	12.750412	0.099025965	0.71	7.0	4989.797763824463
94	-13.038706	3.142431	-6.8409023	-15.376567	110.0	-6.188761	3.223565	1.4031844	-14.944497	57000	2.3444494e-08	6.7751	-0.12021035	-5.078905	12.747734	0.086747244	0.64666665	7.0	5041.13515996933
95	-9.401194	3.7522101	-4.592724	-14.493663	114.8	-4.1714687	2.9741242	3.4484816	-14.547165	57600	8.106232e-08	6.3248415	-0.13143767	-5.725026	12.586355	0.08644583	0.77166665	9.0	5095.451614618301
96	-13.225412	2.3246071	-8.61097	-14.663387	114.0	-5.2292585	3.1985924	1.428198	-15.468654	58200	-7.549922e-09	12.022769	-0.12870602	-10.177911	12.67208	0.083221145	0.74	11.0	5148.045922756195
97	-12.818425	3.3244922	-7.850435	-16.859781	104.0	-8.416984	3.0411506	0.99717236	-16.615986	58800	1.2954077e-07	11.194437	-0.1239382	-8.704631	12.781634	0.09066387	0.71666664	9.0	5200.252651929855
98	-8.123854	5.807603	-1.4229115	-15.482515	103.8	-6.448369	3.4428208	2.1507583	-14.720819	59400	1.4305114e-08	6.5442643	-0.10942894	-5.263708	12.814917	0.08903034	0.66	8.0	5254.8805413246155
99	-13.952185	3.0055058	-8.175296	-16.43119	120.0	-7.673265	3.7927473	1.695663	-17.999117	60000	-6.9936114e-08	8.99538	-0.13592571	-7.496995	12.657019	0.07928242	0.7783333	12.0	5306.913909673691
100	-12.614075	2.8733366	-7.790754	-14.973211	114.0	-6.331955	3.2635796	1.2103685	-15.558017	60600	-1.5894573e-08	6.284023	-0.13592416	-4.799593	12.700826	0.085580446	0.81	13.0	5360.663852214813
101	-14.604962	1.6398815	-11.69923	-16.385767	120.0	-7.346555	3.035391	1.963856	-17.957499	61200	1.1205673e-07	8.763597	-0.1252661	-4.9785266	12.8171425	0.086063884	0.7183333	9.0	5412.35317158699
102	-11.844778	3.2733407	-6.5765934	-15.294781	103.6	-6.8316855	3.1525927	2.1552472	-15.013214	61800	-4.7683717e-08	11.39722	-0.13545871	-7.1566515	12.960068	0.08418285	0.76666665	11.0	5463.814258813858
103	-7.364676	1.7875758	-4.2821565	-9.882429	98.6	-5.034051	3.7412763	1.6549932	-15.26095	62400	1.9391378e-07	11.099387	-0.12927407	-10.498051	12.890892	0.087571554	0.69	8.0	5516.567549228668
104	-7.6883826	6.4219527	-0.73550737	-15.816816	120.0	-3.1628065	2.7665725	5.450945	-12.691749	63000	6.516775e-08	11.549468	-0.15341182	-10.784565	12.992696	0.07699441	0.94166666	24.0	5571.053114652634
105	-10.713764	3.4093394	-6.6529074	-15.0951185	113.6	-6.2013154	2.8568187	2.2049828	-15.264176	63600	4.6094257e-08	12.46878	-0.1353549	-10.630362	12.695303	0.0866928	0.7316667	10.0	5623.279939651489
106	-12.29303	4.0592275	-4.374319	-14.926871	120.0	-5.6598244	2.1282003	-0.5659181	-14.1272335	64200	2.3841857e-09	10.714779	-0.15410618	-9.066449	12.9015255	-0.0023299153	0.97	79.0	5676.2498552799225
107	-10.405569	3.2127225	-5.4037223	-15.2333	110.0	-7.704629	3.3577132	7.92133	-18.852581	64800	-3.1789145e-09	13.33837	-0.13559414	-10.130764	12.826069	0.0880654	0.76	8.0	5729.393258810043
108	-11.246143	5.236688	-3.7047937	-15.989514	108.8	-6.969479	3.0023167	0.74286336	-15.233233	65400	1.8278758e-08	8.778018	-0.12479845	-7.4423165	12.757248	0.07621478	0.75333333	12.0	5782.739890575409
109	-12.32321	2.7092218	-8.10277	-15.26242	105.8	-7.2390814	2.928477	0.30516034	-14.941923	66000	1.9073487e-07	11.473174	-0.13974507	-6.5900345	12.7184305	0.08587096	0.81666666	13.0	5835.221490383148
110	-8.736925	5.1789823	-2.984838	-14.928038	109.6	-5.9716706	2.7427192	2.1042569	-12.937445	66600	1.66893e-08	5.822162	-0.13475771	-4.2610884	12.664339	0.085993834	0.83666664	15.0	5890.360394239426
111	-11.779857	3.0824707	-6.511482	-14.795748	120.0	-6.7236266	3.9584002	1.5189693	-18.045517	67200	-6.5962475e-08	9.267404	-0.12809455	-6.8884034	12.810579	0.08452106	0.71166664	9.0	5942.6920285224915
112	-10.216376	5.204661	-0.6546483	-16.336824	115.2	-4.378127	2.9623108	1.6922373	-12.449662	67800	-1.3828277e-07	4.8028965	-0.12157581	-3.6821194	12.671016	0.08443134	0.7	12.0	5995.504740476608
113	-10.255638	4.4220767	-4.386051	-15.832426	120.0	-5.288707	3.0162299	2.1905422	-16.192495	68400	1.2715658e-08	8.894501	-0.14142588	-7.2215157	12.870937	0.08221045	0.83	14.0	6048.126901626587
114	-11.87343	3.5936098	-5.2631626	-14.59912	118.4	-6.349847	2.7547004	1.2399594	-15.453469	69000	1.303355e-07	6.2910895	-0.123478346	-4.301898	12.826104	0.09663856	0.665	7.0	6100.841499567032
115	-10.471003	2.790757	-6.5677705	-15.242631	106.8	-6.5030193	2.8228753	2.2516394	-14.553292	69600	1.8437703e-07	9.746181	-0.13839625	-6.186375	12.925107	0.09320698	0.7916667	10.0	6154.1944897174835
116	-12.694287	2.4859989	-8.668172	-15.687788	115.8	-5.9374537	3.1404743	2.6999652	-17.84017	70200	-1.10467276e-07	7.8857145	-0.12226061	-5.0679436	12.984645	0.08476523	0.69	10.0	6207.17603468895
117	-13.128156	3.1464367	-8.668335	-17.012606	106.6	-6.710425	2.8643215	1.0744094	-16.85895	70800	9.695689e-08	13.050833	-0.14603038	-8.995987	13.057548	0.08016075	0.87	17.0	6259.418606042862
118	-13.368523	3.7545786	-5.9145303	-15.9932165	120.0	-7.7322607	2.2066448	1.1154253	-14.725491	71400	7.073084e-08	11.667952	-0.14390801	-9.180529	12.810749	0.052338123	0.96166664	79.0	6312.156344652176
119	-13.978317	2.111269	-9.763276	-15.239212	118.6	-9.303197	2.8007004	0.0598765	-16.408394	72000	1.1205673e-07	11.643706	-0.12080247	-7.1312733	12.974006	0.087179296	0.71666664	8.0	6363.957986354828
120	-9.732001	3.698256	-3.9844337	-15.128875	112.4	-6.8407636	4.7135315	3.374969	-17.968092	72600	-2.3206076e-07	18.195564	-0.11928098	-14.201049	12.751117	0.09034542	0.66	8.0	6418.994932413101
121	-8.73408	2.8029525	-4.6301517	-13.419684	82.85714	-5.478464	3.2877274	2.2805583	-14.695883	73200	1.0172526e-07	8.702296	-0.13972142	-7.4429617	12.748727	0.08570193	0.75166667	11.0	6471.505391120911
122	-11.522504	3.7598794	-4.431239	-15.006975	111.8	-3.5681381	2.624203	3.6305075	-14.104385	73800	1.3510387e-08	6.8614626	-0.13774252	-5.4131355	12.605192	0.08365749	0.805	13.0	6524.0617027282715
123	-10.59738	4.2713194	-5.323975	-15.684441	109.8	-5.444458	2.4682574	2.1820934	-15.542541	74400	8.742014e-09	10.155311	-0.14438532	-8.1707115	12.599011	0.08090997	0.87	19.0	6576.391438007355
124	-9.324147	3.0705466	-4.7670956	-15.051183	88.833336	-6.3138185	2.8190925	0.9845102	-13.893699	75000	-4.8478444e-08	10.8813505	-0.15589559	-7.1694555	12.629109	0.056794956	0.9633333	79.0	6629.243396759033
125	-12.122667	4.2005334	-5.9043927	-16.308548	120.0	-5.3669515	2.918239	0.36450368	-13.77012	75600	-5.5631002e-08	9.021746	-0.12730347	-7.231477	12.745375	0.08037211	0.715	10.0	6681.633363485336
126	-11.116677	2.6549103	-7.4942274	-15.764151	108.6	-6.3211765	3.5475893	0.14554876	-15.102352	76200	-3.6557516e-08	7.123618	-0.13559727	-6.0016594	12.727264	0.08658688	0.75333333	12.0	6734.15321803093
127	-14.265826	1.3150965	-11.653993	-15.146403	115.4	-5.435363	2.8523726	1.3808761	-15.052082	76800	2.3365021e-07	5.545629	-0.1548153	-4.291271	12.772458	0.04384135	0.9533333	79.0	6786.512442111969
128	-8.668754	3.194077	-5.5500717	-14.640548	87.833336	-5.2603526	3.0709584	1.9608562	-12.805438	77400	-8.583069e-08	10.129577	-0.14763606	-8.286092	12.885706	0.08144093	0.88166666	21.0	6839.063770055771
129	-9.6313505	4.5737596	-4.179937	-15.352083	98.8	-5.096565	2.402685	1.6334772	-11.741487	78000	-1.1920929e-07	5.693934	-0.14190614	-4.0917244	12.657968	0.08237295	0.82166666	13.0	6891.706468105316
130	-12.281908	2.9435923	-8.187306	-15.474457	107.6	-4.963536	2.5822902	2.4103508	-14.131427	78600	-5.801519e-08	8.968062	-0.16128092	-5.2748127	12.809096	0.040199522	0.975	79.0	6945.738326311111
131	-10.572538	2.8987238	-7.479074	-15.584476	104.8	-4.792075	3.045423	2.3760803	-13.684011	79200	-2.280871e-07	5.4755006	-0.13773924	-3.7498927	12.636652	0.0817939	0.81333333	13.0	6998.683084964752
132	-10.958967	2.7963595	-7.5979238	-15.2880945	108.2	-5.463615	2.8121355	1.9224179	-15.391003	79800	-1.4305114e-08	5.556706	-0.12911023	-4.8998494	12.921843	0.08478265	0.76166666	10.0	7051.217736959457
133	-10.428958	3.963024	-4.2275057	-15.187807	119.2	-4.1532955	2.7161272	2.02319	-13.142234	80400	-6.2783556e-08	3.5646966	-0.13297692	-2.807957	12.566301	0.08587027	0.76666665	13.0	7104.753244638443
134	-10.532721	2.512185	-7.487368	-15.00892	120.0	-4.210525	2.9939132	1.9563771	-15.072752	81000	3.1789146e-08	3.1846297	-0.12511581	-2.564414	12.6131315	0.0817722	0.72	11.0	7157.772466421127
135	-8.083284	1.7337406	-6.2028437	-10.945213	115.2	-3.5624166	3.205837	4.466549	-13.90909	81600	-7.78834e-08	3.8857577	-0.12549268	-3.5837994	12.741965	0.08495831	0.69666666	10.0	7212.191719055176
136	-10.743306	2.9067228	-7.378401	-14.935958	109.2	-3.1563008	2.4207463	2.2540922	-11.437117	82200	-1.0172526e-07	10.628678	-0.1412179	-9.470449	12.756351	0.08820241	0.83666664	14.0	7264.640494823456
137	-10.785537	2.1062791	-7.707905	-13.768664	103.8	-4.609071	2.9508321	1.2665393	-14.173274	82800	6.357829e-09	3.7794225	-0.1518135	-2.5598822	13.051688	0.078275815	0.86333334	18.0	7316.429508924484
138	-8.264977	2.655006	-5.3770623	-13.3664665	94.333336	-4.5435786	2.6196444	1.1600332	-13.724235	83400	4.7683717e-08	5.20324	-0.13675499	-4.4901195	12.696869	0.09661395	0.7266667	6.0	7369.522515773773
139	-7.4840193	3.8197196	-1.8402563	-13.865433	110.6	-3.54637	2.682071	2.3180165	-13.355533	84000	-1.11262004e-07	4.722592	-0.12762837	-3.4759464	12.828012	0.08845009	0.81	12.0	7423.630197763443
140	-11.738566	2.4546297	-7.8864746	-14.603294	99.0	-4.342761	2.0387313	0.53793526	-11.791417	84600	8.583069e-08	9.111264	-0.15730895	-6.0147696	12.749118	0.07715765	0.91333336	27.0	7476.877329587936
141	-8.226589	3.057361	-4.6950445	-12.347199	116.0	-4.3634577	2.246808	1.0930351	-11.16041	85200	-1.9709269e-07	2.7068977	-0.13587593	-2.161582	12.820671	0.0871536	0.7916667	9.0	7530.790807723999
142	-10.335701	2.5418572	-7.9569483	-13.633757	100.2	-6.0466266	2.718629	0.25172377	-16.358587	85800	6.357829e-09	7.508128	-0.11816861	-6.1032467	12.74699	0.10929599	0.705	6.0	7583.510371208191
143	-10.076606	4.811426	-3.7538638	-16.07671	110.2	-4.538951	2.8287594	1.1898885	-14.173152	86400	-2.8610229e-08	6.3067675	-0.12731956	-4.405873	12.602953	0.07774364	0.75666666	12.0	7636.479300498962
144	-10.432695	3.7645671	-4.965255	-14.802649	108.4	-5.307426	2.4600499	2.234641	-12.474193	87000	8.90096e-08	4.487535	-0.13621598	-3.3287506	12.674208	0.086198665	0.8016667	11.0	7689.53156876564
145	-9.649717	3.2086997	-5.4183846	-13.297475	115.6	-4.4165716	2.6033757	1.1732321	-11.9307995	87600	2.8610229e-08	2.8552763	-0.15085748	-2.0733209	12.656745	0.05307043	0.96666664	79.0	7743.539495706558
146	-8.698023	4.6705666	-2.483695	-15.786088	113.6	-4.7504582	2.4786193	1.485315	-12.3361	88200	3.1789145e-09	4.6282916	-0.14181268	-3.2448075	12.857412	0.077600025	0.88	22.0	7797.312804222107
147	-10.367584	3.9047859	-5.105205	-16.335537	111.2	-4.490416	2.986367	2.1177728	-13.814604	88800	3.89417e-08	7.3708405	-0.14854813	-5.104989	12.824163	0.043470625	0.965	79.0	7851.155034065247
148	-8.717263	3.3483326	-4.259558	-14.373232	118.2	-4.7276897	2.8422644	0.81494033	-12.25065	89400	1.17619834e-07	4.1030436	-0.12191955	-3.7214644	12.649013	0.08733654	0.67	7.0	7905.867841959
149	-7.8563857	3.1278517	-2.945364	-13.271141	87.166664	-4.705687	2.8342443	1.4032377	-14.168008	90000	1.2715658e-08	5.2717113	-0.13349068	-4.5550785	12.786414	0.09225459	0.8	11.0	7960.144068002701
