Epoch	AverageEpRet	StdEpRet	MaxEpRet	MinEpRet	EpLen	AverageVVals	StdVVals	MaxVVals	MinVVals	TotalEnvInteracts	LossPi	LossV	DeltaLossPi	DeltaLossV	Entropy	KL	ClipFrac	StopIter	Time
0	-78.93554	15.828582	-28.884418	-133.9463	60.0	-73.888885	41.220013	8.338187	-190.4284	6000	-1.001358e-08	2298.8674	-0.04056872	-1987.9902	7.6108313	0.01672987	0.32183334	1.0	218.4722604751587
1	-78.91038	18.907831	-27.210407	-135.61935	60.0	-35.993908	28.203377	47.938595	-166.95067	12000	-4.83195e-08	372.6069	-0.019415222	-152.46341	7.559534	0.028593242	0.37066665	1.0	457.5156886577606
2	-78.92989	16.230286	-31.299458	-116.80211	60.0	-35.162384	26.132736	25.530653	-164.61076	18000	-3.560384e-08	301.3832	-0.07373331	-117.241745	7.6151967	0.01977619	0.39533332	7.0	696.3809063434601
3	-83.46878	15.040383	-36.678772	-128.74135	60.0	-37.00812	24.70437	27.794327	-172.55751	24000	2.0980835e-08	272.8705	-0.06347137	-107.28317	7.5764103	0.018976817	0.32283333	6.0	931.5165553092957
4	-81.30751	14.544267	-32.32863	-125.02602	60.0	-34.412804	23.449219	23.896965	-135.23383	30000	3.1789145e-09	245.78479	-0.052930463	-99.08365	7.4867096	0.017427916	0.27133334	4.0	1167.884400844574
5	-80.91453	18.041332	-34.210144	-123.74901	60.0	-35.0481	23.004831	41.130054	-131.14912	36000	-7.2479246e-08	241.64484	-0.06423605	-90.89752	7.5502033	0.018398248	0.3375	7.0	1405.1794335842133
6	-85.01056	14.539603	-38.99402	-132.15404	60.0	-35.652645	23.027918	42.876274	-160.59772	42000	7.120768e-08	236.015	-0.054934103	-90.582794	7.5520945	0.018597508	0.31	5.0	1640.2107384204865
7	-79.673805	16.92635	-30.993721	-115.91982	60.0	-35.361053	22.584389	22.5525	-159.39316	48000	8.312861e-08	202.71696	-0.053891964	-82.80462	7.601554	0.019259589	0.32	5.0	1877.950127363205
8	-81.507195	16.133154	-32.03012	-112.81948	60.0	-33.458923	22.382809	31.64619	-124.16201	54000	2.8610229e-08	207.93231	-0.05166007	-80.2234	7.510117	0.01989805	0.305	5.0	2114.9203407764435
9	-82.67914	16.426943	-30.915302	-145.61688	60.0	-35.242863	22.755625	14.569931	-126.06879	60000	3.4332274e-08	191.60754	-0.0634691	-70.60781	7.502146	0.020870324	0.34466666	7.0	2352.1180596351624
10	-82.42296	17.564425	-29.654995	-122.24507	60.0	-35.07419	22.444695	21.487175	-165.80598	66000	6.453196e-08	208.75735	-0.048490226	-87.47178	7.593937	0.02030885	0.31	4.0	2590.0460743904114
11	-82.4219	14.194713	-34.900803	-113.93729	60.0	-36.163162	22.887146	40.57779	-154.16705	72000	-4.45048e-08	183.99454	-0.05879069	-75.18162	7.6230106	0.019110944	0.36116666	6.0	2826.6577599048615
12	-86.45197	15.781196	-33.2217	-133.50949	60.0	-35.01491	22.430834	29.975056	-168.43968	78000	4.005432e-08	207.94983	-0.05645656	-78.655685	7.4677577	0.018039918	0.32383335	6.0	3062.808589220047
13	-87.560905	15.357419	-33.864338	-129.29723	60.0	-37.19141	22.756147	17.78929	-136.55978	84000	5.276998e-08	199.77676	-0.053213745	-76.60431	7.50957	0.021623138	0.328	5.0	3298.6426146030426
14	-83.7771	13.54916	-34.56821	-118.15468	60.0	-37.603096	21.978813	19.203236	-140.67586	90000	-1.4940898e-07	185.6437	-0.046000157	-72.40017	7.4786367	0.015717939	0.2605	4.0	3534.7474319934845
15	-81.62811	18.25459	-35.12829	-133.99692	60.0	-34.391926	22.244207	27.413675	-143.01505	96000	1.2207032e-07	200.24219	-0.03975096	-82.52476	7.5067616	0.01788727	0.26133335	3.0	3773.39400100708
16	-84.67181	17.112844	-35.51471	-144.84554	60.0	-35.087273	22.019281	19.106564	-144.06686	102000	2.6702882e-08	193.05841	-0.045442704	-80.17716	7.517952	0.017117409	0.2815	4.0	4010.0133233070374
17	-84.3156	17.905342	-38.102283	-126.03573	60.0	-34.987885	22.193363	24.228462	-123.664795	108000	2.7974446e-08	201.58826	-0.03935827	-80.01461	7.43111	0.016794361	0.26383334	3.0	4247.565750837326
18	-85.936485	13.6942215	-46.892128	-124.573586	60.0	-38.323788	22.722572	26.370953	-116.59125	114000	5.022685e-08	201.13896	-0.03823959	-80.7973	7.467298	0.02152948	0.3085	3.0	4482.020300388336
19	-86.462845	16.09518	-37.95775	-129.33081	60.0	-35.686016	22.001709	55.129707	-127.243256	120000	-6.039937e-08	192.00435	-0.043681234	-76.887566	7.4259706	0.020479899	0.3175	4.0	4717.802364110947
20	-86.520294	17.879025	-30.279558	-158.30173	60.0	-36.404915	22.593868	23.729712	-112.789505	126000	-8.805593e-08	218.24818	-0.051799446	-76.49815	7.51012	0.018947957	0.28833333	5.0	4957.1356501579285
21	-89.67407	15.976713	-42.633663	-128.85753	60.0	-37.59328	22.967852	39.15555	-120.255005	132000	1.0935465e-07	179.95166	-0.058887072	-72.09426	7.41258	0.023343628	0.3245	6.0	5191.6638395786285
22	-85.34632	15.038103	-35.534412	-119.34255	60.0	-36.400417	22.85238	13.135223	-153.29863	138000	-2.2888184e-08	181.393	-0.054441627	-72.02246	7.501216	0.020253535	0.278	5.0	5427.820362329483
23	-82.9899	15.041393	-36.46584	-113.999146	60.0	-36.22866	21.78624	16.779549	-116.86902	144000	-8.646647e-08	165.3546	-0.05791752	-66.0916	7.576001	0.023993876	0.3345	6.0	5665.134725570679
24	-84.719795	17.892384	-34.01017	-122.22887	60.0	-35.290348	21.77285	15.709097	-124.13592	150000	-2.1457673e-08	168.95522	-0.048828702	-68.673775	7.433521	0.017571537	0.28533334	4.0	5902.929694414139
25	-84.063416	19.400116	-35.52011	-133.40141	60.0	-35.331642	22.215754	30.275412	-119.25609	156000	-9.1552735e-08	199.69508	-0.052154806	-79.13722	7.466617	0.018737718	0.34383333	5.0	6141.397793531418
26	-85.20647	12.802574	-42.769672	-127.21669	60.0	-37.852367	22.273443	26.206768	-117.49521	162000	-1.3097127e-07	176.37221	-0.05924194	-70.888	7.418715	0.019011727	0.32316667	6.0	6377.0659947395325
27	-87.17377	15.078648	-38.34169	-131.11537	60.0	-35.100574	21.668333	15.470259	-121.7366	168000	9.7910565e-08	188.75142	-0.048043314	-70.70617	7.445941	0.018911576	0.3265	4.0	6613.056114912033
28	-88.089485	15.93365	-35.327312	-143.27567	60.0	-37.555138	21.72333	28.946583	-115.53923	174000	1.11262e-08	194.88713	-0.037347905	-67.68449	7.5073085	0.015673708	0.25666666	3.0	6849.338752031326
29	-91.12318	17.06547	-39.15255	-171.15257	60.0	-39.17478	22.117477	20.574257	-119.33667	180000	3.8146974e-09	210.65144	-0.04457417	-75.45232	7.4690013	0.018412596	0.30583334	4.0	7084.259698390961
30	-87.84901	18.24109	-38.573326	-143.42102	60.0	-36.731594	22.36876	37.80139	-138.34311	186000	1.0649363e-07	183.66785	-0.039685525	-73.70531	7.449375	0.02074284	0.254	3.0	7322.072386264801
31	-86.560455	16.41259	-33.41175	-120.28323	60.0	-36.53861	23.055513	25.08291	-136.94629	192000	3.3060708e-08	161.55269	-0.041477416	-62.611046	7.460898	0.019753406	0.26383334	3.0	7559.448723554611
32	-86.87137	16.949158	-38.08413	-147.7687	60.0	-36.52226	22.38689	21.9441	-124.94225	198000	-5.785624e-08	193.27034	-0.051670544	-71.40869	7.39901	0.019289233	0.34783334	5.0	7797.527920484543
33	-91.03358	17.769081	-32.90373	-174.41713	60.0	-39.222412	22.44386	6.0574846	-134.47148	204000	9.536743e-09	218.6315	-0.062464688	-74.50569	7.437709	0.018420987	0.3735	7.0	8033.531091451645
34	-90.357025	17.337496	-34.031612	-128.35692	60.0	-36.38887	22.981436	27.344707	-119.42301	210000	-1.3987223e-08	175.059	-0.05198445	-69.0949	7.4324856	0.018221682	0.272	5.0	8272.438445091248
35	-92.30056	13.12022	-43.44417	-133.84578	60.0	-40.4023	22.672586	17.283062	-118.72345	216000	-1.9709269e-08	177.77098	-0.039323814	-69.05577	7.419263	0.0185108	0.23866667	3.0	8506.947406768799
36	-89.82032	17.60153	-35.8944	-152.26064	60.0	-38.299736	22.550081	36.973125	-131.0907	222000	1.9073487e-09	191.20895	-0.046838876	-69.08618	7.4701953	0.0211413	0.281	4.0	8743.907840251923
37	-91.99376	21.492846	-42.998585	-174.49046	60.0	-36.8168	22.490692	25.335451	-126.73882	228000	7.05719e-08	229.02988	-0.03439716	-76.97952	7.406578	0.018471247	0.27733332	3.0	8980.947865962982
38	-90.20721	17.655552	-38.083317	-123.5431	60.0	-39.664017	22.970188	15.159322	-120.90455	234000	-2.1298726e-08	171.57503	-0.051406562	-63.99713	7.465719	0.021590207	0.31966665	5.0	9218.292304992676
39	-90.6922	15.892132	-33.22353	-134.94145	60.0	-38.414536	23.525639	28.963661	-129.04306	240000	-2.7974446e-08	165.03957	-0.06285478	-63.877167	7.451195	0.023172308	0.3775	7.0	9454.517944097519
40	-93.34259	15.267664	-35.813087	-159.48122	60.0	-38.529785	22.601744	18.963278	-130.80228	246000	-6.802877e-08	178.3723	-0.06303042	-70.755684	7.426517	0.020074291	0.34283334	7.0	9690.100495815277
41	-93.45431	16.211277	-47.929615	-150.12761	60.0	-39.326374	22.646091	9.440035	-134.76053	252000	-1.0808309e-07	178.32759	-0.038871758	-62.729218	7.413596	0.018606072	0.225	3.0	9925.001207828522
42	-91.805466	17.87044	-40.10464	-144.19405	60.0	-37.615494	23.268982	1.5227823	-105.79788	258000	-3.8782755e-08	177.00883	-0.042915966	-57.742294	7.4633684	0.018518046	0.3075	4.0	10161.681102752686
43	-94.90806	20.130995	-41.84965	-183.80539	60.0	-39.655266	23.034843	6.8226056	-113.37147	264000	8.710225e-08	219.07692	-0.03629087	-66.19095	7.3851795	0.017477933	0.26266667	3.0	10397.373196840286
44	-92.8623	16.76609	-37.684998	-161.32259	60.0	-40.565525	23.503975	6.686379	-125.4193	270000	-3.1789146e-08	150.09259	-0.043947168	-55.573883	7.451657	0.021509489	0.30616668	4.0	10633.596133947372
45	-92.039505	17.095943	-37.677906	-124.272354	60.0	-38.57135	23.01395	59.07444	-106.10583	276000	1.0172526e-07	188.53954	-0.04367927	-66.237305	7.401547	0.020496875	0.30433333	4.0	10869.800741910934
46	-93.552444	14.68748	-43.57722	-129.99612	60.0	-38.620613	23.432035	16.543251	-119.273056	282000	-1.9709269e-08	161.13843	-0.057578016	-60.031425	7.433314	0.018632863	0.32033333	6.0	11105.797478199005
47	-92.9169	15.997938	-39.72111	-145.21754	60.0	-40.46668	22.733952	40.46451	-108.25074	288000	-1.742045e-07	187.77202	-0.040125914	-69.72786	7.3984923	0.021576712	0.268	3.0	11341.569059848785
48	-92.40667	15.053653	-36.62546	-130.09006	60.0	-38.9055	22.903255	20.243612	-121.19947	294000	-8.837382e-08	160.36382	-0.04295251	-55.974533	7.363075	0.020242576	0.29	4.0	11577.163447856903
49	-92.431145	17.172909	-39.757687	-134.09106	60.0	-39.203762	22.44249	54.051167	-108.24397	300000	-5.022685e-08	170.99942	-0.042065166	-60.430336	7.448777	0.024548605	0.299	4.0	11813.482981920242
50	-96.38171	19.419159	-37.11271	-165.98685	60.0	-38.658077	23.066273	5.4537497	-110.170975	306000	1.1444092e-08	194.29117	-0.03598118	-60.58304	7.3549595	0.017109007	0.228	3.0	12049.893645524979
51	-94.04936	17.577822	-39.34378	-157.2233	60.0	-41.148197	23.76638	2.6776032	-121.27981	312000	-8.074443e-08	170.9728	-0.03696623	-59.962936	7.3809776	0.016873242	0.25133333	3.0	12286.121395111084
52	-92.071884	19.780514	-36.05543	-148.72432	60.0	-37.633587	23.393017	23.036224	-117.86139	318000	1.36693314e-08	160.16008	-0.05767441	-57.10647	7.3686557	0.018208828	0.32816666	6.0	12525.299753904343
53	-93.269196	20.610008	-36.810265	-152.91002	60.0	-38.935005	23.303312	-0.4263878	-122.29938	324000	8.5194905e-08	184.61363	-0.05222271	-59.78157	7.4746842	0.019594906	0.32883334	5.0	12762.370550394058
54	-92.00064	16.349634	-36.20076	-142.29222	60.0	-39.707104	23.379326	7.8280478	-134.06001	330000	5.00679e-09	153.90085	-0.044782527	-54.17431	7.408021	0.018348165	0.29966667	4.0	12999.79071521759
55	-96.89607	16.165491	-39.64891	-154.30605	60.0	-40.024853	22.745665	1.9089246	-119.658325	336000	4.7683715e-09	171.1	-0.047896545	-58.172142	7.414369	0.020218406	0.311	5.0	13234.832745075226
56	-96.82655	16.80784	-44.276367	-132.11678	60.0	-40.234657	23.16089	16.284906	-125.21189	342000	4.3233236e-08	205.43529	-0.05018194	-66.63905	7.351497	0.024222761	0.2935	5.0	13471.368923664093
57	-94.28833	20.883455	-33.677578	-167.64825	60.0	-40.57122	23.4402	33.928116	-131.80539	348000	4.83195e-08	177.035	-0.039790407	-63.723526	7.369099	0.015961368	0.22583333	3.0	13710.042265176773
58	-94.565506	14.57099	-40.338913	-135.1746	60.0	-40.374676	23.80655	3.1278262	-106.9683	354000	-2.2379557e-07	136.58377	-0.03582885	-44.68091	7.3326955	0.01848253	0.23933333	3.0	13945.554345607758
59	-96.79394	14.056623	-45.38134	-137.33612	60.0	-39.4602	23.065187	-3.1521015	-108.49463	360000	-1.0553996e-07	163.55998	-0.03317774	-57.09836	7.3655014	0.020303525	0.24933334	3.0	14181.796448230743
60	-96.72687	20.554739	-42.495605	-179.71565	60.0	-40.06662	23.230913	15.289326	-111.46521	366000	-7.502238e-08	201.79008	-0.04077501	-59.592102	7.3166537	0.0208301	0.29716668	4.0	14418.87025475502
61	-98.439	13.270551	-48.732616	-133.61339	60.0	-42.86009	23.584837	0.47380114	-112.898285	372000	-7.947286e-08	169.26778	-0.03567035	-58.031372	7.326675	0.018074924	0.243	3.0	14653.441358566284
62	-94.675186	18.84111	-34.317917	-146.94954	60.0	-39.66823	23.634842	31.713903	-110.90931	378000	-8.90096e-08	159.25917	-0.044699002	-55.98098	7.322568	0.020779096	0.29783332	4.0	14891.36965560913
63	-98.192696	16.593267	-41.150734	-138.2485	60.0	-42.146038	24.452002	-3.076344	-113.25821	384000	6.6121416e-08	174.15929	-0.04641205	-55.785408	7.3353477	0.023889173	0.3525	5.0	15127.152015686035
64	-99.08636	16.665691	-41.77769	-164.57724	60.0	-40.972565	23.436943	9.895824	-111.49384	390000	1.004537e-07	193.00752	-0.045933653	-61.57454	7.335306	0.017827654	0.2925	4.0	15362.233502626419
65	-92.10738	19.385952	-40.805954	-137.78265	60.0	-39.857983	23.35221	35.947586	-114.182335	396000	2.5113424e-08	185.77217	-0.0442838	-66.06648	7.374098	0.018022222	0.31016666	4.0	15602.352910280228
66	-98.49473	18.122074	-50.40223	-156.16446	60.0	-40.34827	22.86911	13.537426	-115.87176	402000	-8.265177e-08	215.85909	-0.051707	-70.38634	7.359821	0.01875343	0.31166667	5.0	15838.69538640976
67	-95.93454	20.074808	-40.66249	-155.11148	60.0	-40.116993	23.643045	17.575481	-118.987236	408000	-2.9881797e-08	183.28226	-0.045734126	-61.5383	7.336454	0.021474803	0.29416665	4.0	16077.2553358078
68	-98.53405	19.257847	-37.83547	-161.36711	60.0	-42.503178	23.837193	-0.23331356	-147.75478	414000	5.086263e-09	192.1908	-0.025150435	-65.92126	7.2831464	0.016809568	0.22883333	2.0	16313.047050952911
69	-96.71238	19.261768	-39.238327	-144.75504	60.0	-40.66151	24.078558	4.133025	-122.33825	420000	2.22524e-08	165.43694	-0.043771442	-52.91529	7.3632708	0.021390416	0.2975	4.0	16551.06538438797
70	-97.46695	19.438368	-39.540302	-142.58775	60.0	-40.877	23.911411	1.5715551	-114.181	426000	-5.1498414e-08	170.08896	-0.035245482	-51.6213	7.322271	0.018808067	0.255	3.0	16789.233827590942
71	-99.16839	21.938047	-39.43668	-154.71783	60.0	-41.32041	23.641403	11.025456	-119.17935	432000	1.4623006e-08	203.05025	-0.040078413	-70.11992	7.3759103	0.018058835	0.23866667	3.0	17027.403126478195
72	-98.999054	17.940077	-46.961258	-150.82878	60.0	-42.341373	26.124058	1.7515225	-116.75617	438000	-1.07447306e-07	167.79985	-0.042025853	-54.940247	7.380393	0.018737102	0.30933332	4.0	17263.837232351303
73	-100.39809	16.395454	-35.56699	-162.21686	60.0	-43.165302	23.77456	26.656765	-119.02403	444000	1.5544892e-07	176.70525	-0.05366787	-54.66163	7.299169	0.020189675	0.32383335	6.0	17499.226290225983
74	-96.9298	21.207254	-43.669872	-170.65561	60.0	-39.910942	24.25196	22.277311	-126.170815	450000	-2.2093454e-08	199.10497	-0.038404107	-68.665955	7.3789024	0.02226685	0.27033332	3.0	17737.69110059738
75	-99.791985	19.102915	-42.1387	-164.5896	60.0	-42.367813	24.337032	6.128015	-141.18828	456000	2.4477641e-08	202.5601	-0.037260752	-65.555954	7.3327303	0.014861145	0.22933333	3.0	17973.705784082413
76	-104.395065	18.675014	-48.325504	-169.87404	60.0	-43.04278	24.230766	21.412844	-118.378296	462000	6.484986e-08	235.48724	-0.049964312	-74.966446	7.2837257	0.021429911	0.30866668	5.0	18208.158161878586
77	-102.52484	17.710705	-40.80961	-148.99486	60.0	-43.708767	24.987423	-4.510952	-133.25137	468000	-7.692973e-08	176.02583	-0.052295513	-50.33127	7.370126	0.017187543	0.26516667	5.0	18444.008937120438
78	-100.66423	20.11994	-42.275455	-160.42479	60.0	-43.455784	24.774221	63.580975	-127.69268	474000	8.90096e-09	213.63698	-0.0382797	-65.79506	7.3241525	0.021016015	0.27183333	3.0	18680.437859535217
79	-98.48044	18.571142	-47.024376	-145.80835	60.0	-41.67666	24.871452	12.666319	-115.41694	480000	2.0345052e-08	187.98553	-0.05370753	-63.749496	7.3117003	0.018097457	0.34116668	5.0	18917.33314561844
80	-99.20247	18.014627	-46.001232	-157.5496	60.0	-41.45771	23.904766	1.8462968	-120.57706	486000	-5.785624e-08	168.88437	-0.04444815	-52.923225	7.330847	0.018514287	0.264	4.0	19154.77875638008
81	-100.38538	18.594244	-48.263813	-157.53505	60.0	-41.469604	23.9174	27.40296	-103.643005	492000	3.1471252e-08	179.6392	-0.044224426	-55.278954	7.352718	0.020374997	0.27483332	4.0	19392.506497383118
82	-103.32693	14.72085	-46.16416	-153.90916	60.0	-45.02649	24.288809	1.00348	-118.81836	498000	-8.138021e-08	173.99072	-0.049323566	-49.658432	7.344017	0.022307226	0.31533334	5.0	19626.049160957336
83	-103.851715	18.884201	-42.486717	-161.11145	60.0	-43.146545	25.163258	-2.0894945	-130.60892	504000	-1.780192e-08	185.4585	-0.04793501	-55.51465	7.31644	0.019972645	0.30216667	5.0	19862.030170679092
84	-99.646484	19.789541	-41.978565	-142.04521	60.0	-41.39507	24.832785	4.749633	-138.81393	510000	6.6121416e-08	178.16571	-0.036070302	-55.586624	7.348319	0.018178001	0.27766666	3.0	20100.396414995193
85	-102.765945	20.34008	-37.393215	-149.3462	60.0	-44.084564	24.636038	4.644658	-128.86607	516000	-7.5658164e-08	209.48026	-0.0443724	-63.361908	7.3063855	0.02204769	0.2735	4.0	20337.09717488289
86	-101.36879	23.593773	-39.699482	-149.04237	60.0	-43.56533	25.16154	28.633158	-134.08984	522000	7.8837076e-08	215.31644	-0.0359817	-76.28165	7.3155994	0.018405303	0.2755	3.0	20575.653093099594
87	-101.68643	19.93022	-38.090797	-162.3474	60.0	-43.9366	26.049671	3.2143598	-120.908806	528000	5.8809917e-08	172.36588	-0.03688756	-58.969894	7.2523556	0.015760006	0.25016665	3.0	20812.74731850624
88	-105.88139	18.749863	-45.411003	-166.6917	60.0	-42.957355	24.617699	-2.728366	-117.46946	534000	2.2888184e-08	198.14471	-0.041055657	-59.45938	7.2846603	0.020465994	0.28233334	4.0	21048.47731614113
89	-103.06313	19.601063	-40.002373	-139.44771	60.0	-43.782635	26.714756	27.612936	-125.485176	540000	-1.0172526e-08	167.37958	-0.048338298	-54.967873	7.3061705	0.02236415	0.3015	5.0	21285.591856718063
90	-103.73928	19.618216	-45.228683	-163.03548	60.0	-44.164043	24.563864	2.671914	-122.00052	546000	4.2597453e-08	169.77974	-0.049654484	-52.90103	7.2306614	0.018546129	0.3115	5.0	21522.51205945015
91	-101.78713	23.681753	-41.7433	-157.99075	60.0	-42.081253	25.380928	19.352064	-122.46616	552000	-1.6848245e-08	209.22304	-0.03839029	-62.394363	7.3484387	0.021717107	0.27083334	3.0	21761.961184740067
92	-103.622284	19.742691	-45.400757	-158.86522	60.0	-43.418777	25.150988	17.473703	-118.6565	558000	-4.2597453e-08	188.58354	-0.045686945	-57.704712	7.2830653	0.020249965	0.2675	4.0	21999.034452438354
93	-103.99885	19.972113	-44.731895	-178.38582	60.0	-43.829094	25.368046	61.040516	-117.2666	564000	1.2397766e-07	185.15466	-0.04932188	-58.418175	7.259872	0.021053946	0.30116665	5.0	22235.521554231644
94	-102.34539	19.469845	-46.008102	-138.942	60.0	-43.759014	25.939678	17.550034	-125.422	570000	-1.3987223e-08	172.4055	-0.057568446	-57.569527	7.284814	0.02113294	0.34716666	6.0	22473.507644176483
95	-105.901146	19.09355	-48.918327	-172.59851	60.0	-43.960037	24.865229	-3.7600856	-131.92159	576000	7.343292e-08	184.8219	-0.055448037	-52.290604	7.2893934	0.019580444	0.3035	6.0	22709.490812778473
96	-101.730965	21.643427	-35.014736	-149.03113	60.0	-43.705135	25.642115	16.000473	-116.89551	582000	-1.9391377e-08	181.48734	-0.049061414	-53.37761	7.3139067	0.020855673	0.31266665	5.0	22948.233590126038
97	-105.93551	24.87277	-42.091846	-158.03554	60.0	-44.320812	25.298891	3.952313	-114.20573	588000	-1.0935465e-07	225.00867	-0.036130305	-62.176865	7.2767825	0.017562136	0.221	3.0	23186.461069345474
98	-105.44409	16.21073	-47.226494	-160.9202	60.0	-44.637043	26.352198	0.81573343	-132.43918	594000	-9.091695e-08	185.95517	-0.044182763	-58.436485	7.2579727	0.018443437	0.31166667	4.0	23422.38769173622
99	-107.38779	16.838501	-51.587345	-162.46596	60.0	-45.141354	25.894089	0.8751235	-114.83964	600000	2.415975e-08	199.08446	-0.034588143	-53.562836	7.2664165	0.018548263	0.21683334	3.0	23657.232702970505
100	-104.00266	18.266771	-45.710785	-161.51735	60.0	-44.180817	25.218409	8.338431	-118.77179	606000	-5.7220458e-08	162.90808	-0.043206304	-51.011208	7.327068	0.021144023	0.2865	4.0	23895.536413431168
101	-108.00866	21.382313	-44.663048	-188.9911	60.0	-45.007328	24.995396	3.4215417	-111.7231	612000	-1.2715658e-08	230.99413	-0.041205112	-64.99623	7.2564087	0.021239443	0.29233333	4.0	24130.96336388588
102	-106.60043	23.393717	-45.74453	-184.39493	60.0	-44.3417	25.519632	-2.313716	-115.32174	618000	-6.9936115e-09	227.47769	-0.050769717	-66.517334	7.229818	0.021796292	0.335	5.0	24368.474836587906
103	-109.0972	19.048445	-47.623997	-153.06125	60.0	-46.250324	26.64231	-2.9710517	-127.9078	624000	5.6584675e-08	252.80225	-0.038847025	-74.05255	7.253466	0.016604992	0.25183332	3.0	24603.738543987274
104	-108.70668	20.201479	-48.612724	-154.71848	60.0	-45.963604	25.418016	17.275373	-127.28355	630000	2.9246012e-08	221.14108	-0.03618124	-68.06419	7.174086	0.019248055	0.26	3.0	24839.987605810165
105	-105.80259	20.814249	-43.06966	-165.45091	60.0	-43.259136	26.87117	33.37741	-114.7359	636000	1.0244052e-07	195.66362	-0.03439255	-52.9767	7.3103523	0.01930167	0.27466667	3.0	25081.00356554985
106	-105.06912	20.954432	-35.961002	-153.71408	60.0	-44.69671	25.955778	10.587318	-123.27892	642000	-4.5140585e-08	193.95143	-0.043556932	-58.669556	7.299359	0.02163006	0.29683334	4.0	25319.100376605988
107	-103.947174	18.515692	-43.95467	-138.78435	60.0	-45.52723	25.9736	34.38157	-139.82436	648000	3.9418538e-08	157.37837	-0.03649757	-51.328255	7.2043986	0.019102244	0.26383334	3.0	25556.521196603775
108	-109.39244	15.96949	-58.456184	-158.5182	60.0	-45.578827	25.148016	18.596025	-109.22354	654000	3.8146974e-09	224.35379	-0.034289416	-64.71095	7.206776	0.01638977	0.24933334	3.0	25791.166672229767
109	-108.43188	23.426662	-45.904144	-171.18877	60.0	-45.43479	25.791924	15.477186	-128.47986	660000	1.780192e-08	225.37875	-0.036232837	-62.04962	7.194664	0.019306127	0.23466666	3.0	26027.94110059738
110	-106.8183	20.96371	-44.351616	-154.10782	60.0	-44.875126	26.533905	-5.8314133	-124.39257	666000	6.3260394e-08	182.03821	-0.035496145	-54.050735	7.2393026	0.016340418	0.215	3.0	26266.15982890129
111	-109.20738	22.239336	-45.876205	-171.8037	60.0	-45.175484	26.397263	2.3313913	-138.6509	672000	-2.0980835e-08	215.49048	-0.036300503	-60.82364	7.262255	0.017985864	0.24033333	3.0	26502.962365865707
112	-109.08577	19.256891	-43.937634	-155.37961	60.0	-46.445667	26.25738	55.461452	-119.4933	678000	-7.43866e-08	213.816	-0.048828233	-62.688248	7.254838	0.017063227	0.30416667	5.0	26739.281435251236
113	-107.483665	19.315813	-38.90338	-159.39334	60.0	-46.77067	26.594717	14.794094	-116.93167	684000	-4.386902e-08	201.67079	-0.049355667	-60.557526	7.2445893	0.016882105	0.27916667	5.0	26976.70988178253
114	-107.149994	18.80996	-49.132565	-152.57549	60.0	-44.974083	26.26374	14.092934	-122.551346	690000	1.742045e-07	195.41588	-0.043219123	-58.056213	7.2685194	0.02307798	0.3265	4.0	27212.63671016693
115	-105.37245	21.63063	-45.432384	-160.08846	60.0	-43.90293	25.986858	-3.3443608	-143.91467	696000	6.135305e-08	163.15306	-0.053526703	-47.076057	7.2484674	0.015851513	0.33733332	6.0	27451.291618824005
116	-109.21693	22.825249	-44.21801	-159.49608	60.0	-44.32644	25.482117	-0.6391344	-110.9492	702000	-6.739298e-08	221.03734	-0.0359801	-64.59149	7.240288	0.015247571	0.24983333	3.0	27689.583842515945
117	-111.35401	18.879637	-44.54066	-195.16736	60.0	-46.974377	27.045712	19.199892	-121.91363	708000	-4.164378e-08	203.81564	-0.042512655	-54.221085	7.2878823	0.021195985	0.28266665	4.0	27925.012591600418
118	-108.91863	18.168674	-40.465343	-148.63799	60.0	-47.686543	26.283108	1.6763477	-121.77782	714000	-1.2715657e-09	196.975	-0.043291006	-59.435745	7.261061	0.023968518	0.33566666	5.0	28161.234552383423
119	-110.08029	19.88306	-42.905365	-160.11118	60.0	-45.146225	26.100227	9.630302	-121.39404	720000	1.2715658e-08	190.47981	-0.042073935	-56.760193	7.176823	0.021884214	0.30483332	4.0	28398.44876408577
120	-110.98742	22.664808	-42.33366	-179.36508	60.0	-46.853592	26.909832	-0.22132397	-132.37276	726000	4.9591065e-08	213.62027	-0.042746153	-60.449753	7.2063947	0.019814838	0.2595	4.0	28636.066212415695
121	-109.58849	24.572147	-41.423096	-195.09912	60.0	-46.772007	27.709118	2.4983978	-125.71965	732000	5.086263e-09	210.47382	-0.0459138	-55.59427	7.2243576	0.019475378	0.28233334	5.0	28873.13416671753
122	-110.6663	20.3075	-38.01182	-165.47209	60.0	-46.49843	27.450565	0.9872799	-125.951004	738000	1.9073487e-09	190.57578	-0.050925214	-54.814957	7.2248178	0.018821724	0.29466668	5.0	29109.367817163467
123	-112.18583	16.901379	-45.124573	-163.44125	60.0	-47.741985	27.14045	18.638332	-130.22943	744000	5.022685e-08	189.63037	-0.05203113	-50.96971	7.1718664	0.021963738	0.34716666	6.0	29344.994891166687
124	-113.5233	19.722471	-52.052563	-177.60258	60.0	-46.280655	27.0545	4.95867	-119.462494	750000	1.780192e-08	228.59575	-0.05771532	-63.450348	7.2287827	0.023005115	0.35966668	6.0	29580.228679418564
125	-111.79172	18.059525	-48.991535	-148.48679	60.0	-48.375973	26.930395	-4.2048206	-121.00836	756000	-5.976359e-08	197.45694	-0.05238348	-56.30635	7.1863327	0.023259185	0.32616666	5.0	29815.632009983063
126	-110.39782	17.830336	-44.54505	-152.23271	60.0	-46.322754	26.593302	6.408877	-128.79985	762000	1.3351441e-08	183.87878	-0.04945086	-55.409744	7.265465	0.019788647	0.30133334	5.0	30051.380621433258
127	-106.513626	24.055305	-44.103683	-171.7627	60.0	-45.38009	26.424206	-7.0323353	-123.44577	768000	1.2969971e-07	222.50008	-0.058229078	-62.836	7.2354856	0.019508403	0.34616667	6.0	30290.06316757202
128	-113.74194	20.625126	-44.128136	-169.40887	60.0	-47.32199	26.293669	9.836306	-113.44831	774000	1.2715657e-09	244.6109	-0.04935027	-69.023315	7.1589036	0.01970103	0.32366666	5.0	30525.83486390114
129	-106.473434	21.62131	-46.374203	-162.76852	60.0	-44.808228	27.245584	-3.2274609	-127.27479	780000	6.9936115e-09	192.78563	-0.061024066	-57.209915	7.147313	0.017242828	0.3605	7.0	30765.84879565239
130	-108.38308	21.249468	-43.06858	-153.02153	60.0	-45.747902	26.690094	1.4627867	-128.56839	786000	-5.6266785e-08	170.7745	-0.05078459	-51.550087	7.2095637	0.021896375	0.31133333	5.0	31004.790634155273
131	-111.22673	22.250313	-42.24635	-158.56114	60.0	-45.63635	26.43723	4.881875	-112.3914	792000	-3.560384e-08	245.05484	-0.034674726	-66.4682	7.1159387	0.019522183	0.2515	3.0	31242.34176158905
132	-109.56994	21.116331	-44.27572	-155.05066	60.0	-47.12018	26.666056	-0.1173048	-133.32632	798000	-3.528595e-08	201.40741	-0.034992166	-58.80887	7.188339	0.018619677	0.27266666	3.0	31479.964403152466
133	-113.94337	20.93893	-47.149292	-155.96931	60.0	-47.503666	26.999239	4.7765675	-123.63267	804000	-1.4623006e-07	209.15704	-0.02546929	-60.296295	7.1838865	0.020042578	0.28866667	2.0	31716.198909044266
134	-113.1287	18.459026	-63.12929	-170.12666	60.0	-49.08238	27.243198	-4.143319	-132.77579	810000	1.2207032e-07	228.48291	-0.036593173	-68.742325	7.150407	0.013999748	0.265	3.0	31952.231392621994
135	-110.455734	18.621645	-43.46227	-159.62167	60.0	-46.30088	26.830265	-5.085066	-120.00457	816000	4.3233236e-08	204.64041	-0.03325921	-57.89775	7.142112	0.018097637	0.25566667	3.0	32189.51949071884
136	-111.23065	16.78786	-61.414417	-164.31052	60.0	-46.977642	26.19318	6.17398	-116.8831	822000	2.9246012e-08	211.36238	-0.04999874	-59.91771	7.2278	0.016343256	0.32566667	5.0	32425.84487915039
137	-111.42647	22.90403	-46.0039	-162.97069	60.0	-46.243332	26.082254	-2.8509011	-130.7704	828000	-9.346008e-08	188.31296	-0.04417271	-59.439743	7.1046104	0.024489986	0.31783333	4.0	32664.567168712616
138	-112.40411	17.892553	-63.755177	-162.24036	60.0	-47.55118	27.766302	-3.5037227	-121.697495	834000	-2.0980835e-08	212.20587	-0.036289066	-57.836075	7.189004	0.014016808	0.22566667	3.0	32901.07735824585
139	-114.78764	20.81453	-45.311676	-176.28339	60.0	-47.19953	26.758621	0.959672	-120.09268	840000	1.0172526e-08	204.98483	-0.033115804	-58.178986	7.1761665	0.018306615	0.24183333	3.0	33138.441066265106
140	-113.6408	20.04383	-48.09677	-166.05818	60.0	-46.826744	28.144026	-3.4230847	-136.53471	846000	-7.8201296e-08	193.70757	-0.04160979	-62.430573	7.1579394	0.020560335	0.29983333	4.0	33376.159858226776
141	-112.57291	21.187777	-46.20981	-154.54366	60.0	-49.041847	27.384844	2.1872807	-121.14384	852000	-7.311503e-08	178.97012	-0.048197925	-56.940895	7.21003	0.023215504	0.326	5.0	33613.08295369148
142	-115.021065	23.831198	-45.637424	-165.30695	60.0	-46.28915	28.315655	2.3281384	-123.3797	858000	3.751119e-08	217.53392	-0.05449803	-64.83281	7.0942993	0.019178009	0.324	6.0	33850.46934175491
143	-111.643074	23.816172	-42.131218	-163.17552	60.0	-48.36298	28.60887	46.048393	-121.4874	864000	9.2188515e-08	223.66936	-0.04167932	-59.70938	7.113588	0.018844908	0.28183332	4.0	34088.47433567047
144	-112.91639	26.215775	-47.27705	-166.83853	60.0	-46.804104	26.953003	2.249518	-122.52112	870000	3.8146974e-09	212.97829	-0.038507476	-67.37804	7.119939	0.018757889	0.26483333	3.0	34327.67577075958
145	-119.27498	21.356117	-43.48265	-176.09825	60.0	-48.991386	29.35163	5.6401405	-118.37371	876000	7.120768e-08	203.39592	-0.048520457	-60.36104	7.160094	0.025708513	0.332	5.0	34563.55838704109
146	-120.76587	17.519535	-70.841576	-169.54253	60.0	-52.952637	28.89139	-7.682612	-146.67459	882000	1.93278e-07	229.43726	-0.0430626	-71.0387	7.123232	0.01502287	0.289	4.0	34796.15723776817
147	-117.29256	19.20881	-56.492302	-159.05826	60.0	-49.427353	28.595133	-6.273591	-128.48558	888000	6.2306725e-08	225.72162	-0.054955702	-63.711273	7.1268034	0.0190871	0.32533333	6.0	35031.46151828766
148	-115.421036	20.495508	-48.489983	-189.67651	60.0	-49.05322	28.365772	-6.1472454	-116.05459	894000	8.5830685e-09	211.48491	-0.050265368	-57.21083	7.17331	0.020502945	0.3075	5.0	35268.0933778286
149	-113.1179	19.550348	-48.453114	-147.463	60.0	-48.315823	29.146486	0.8591919	-140.45914	900000	-7.5181326e-08	201.0958	-0.047893856	-57.027405	7.108924	0.021457344	0.334	5.0	35504.89866399765
150	-114.80611	22.660244	-40.775913	-170.48592	60.0	-47.588375	27.139257	-3.0371485	-113.99892	906000	-1.0363261e-07	219.64412	-0.042236213	-63.587906	7.134926	0.017977577	0.26233333	4.0	35743.729821681976
151	-114.16152	21.451105	-46.542812	-155.32535	60.0	-48.300655	28.041903	-0.9986911	-124.98084	912000	6.453196e-08	205.28879	-0.04561252	-52.990128	7.0923104	0.018597994	0.31833333	5.0	35980.90267562866
152	-115.433235	24.266645	-40.679512	-185.40681	60.0	-48.602436	27.607569	0.7123909	-121.87969	918000	1.2461345e-07	238.60637	-0.03736665	-63.786835	7.034021	0.019683098	0.25516668	3.0	36218.06696534157
